# Constructed from biom file
#OTU ID	UNKGMB37	UNKGMB10	UNKGMB19	UNKGMB7	UNKGMB6	UNKGMB38	LSGMB16	UNKGMB5	UNKGMB24	UNKGMB26	LSGMB10	UNKGMB28	RSGMB3	LFGMB1	RSGMB4	UNKGMB36	RSGMB5	UNKGMB12	UNKGMB25	RSGMB6	UNKGMB30	UNKGMB14	UNKGMB13	UNKGMB8	UNKGMB21	LSGMB14	LSGMB11	UNKGMB34	UNKGMB20	RSGMB7	LSGMB15	UNKGMB27	UNKGMB29	RSGMB1	LSGMB13	LSGMB20	UNKGMB33	LSGMB1	LSGMB17	UNKGMB35	LSGMB19	UNKGMB18	UNKGMB23	UNKGMB17	UNKGMB22	UNKGMB4	UNKGMB15	UNKGMB9	UNKGMB11
k__Archaea;p__Euryarchaeota;c__Methanobacteria;o__Methanobacteriales;f__Methanobacteriaceae;g__Methanobrevibacter;s__	0.0	0.0	0.0	0.0	1.0	0.0	0.0	0.0	0.0	0.0	0.0	0.0	0.0	0.0	0.0	0.0	0.0	0.0	0.0	1.0	0.0	0.0	0.0	0.0	0.0	0.0	1.0	0.0	0.0	0.0	0.0	0.0	0.0	1.0	0.0	0.0	0.0	5.0	0.0	0.0	0.0	0.0	0.0	0.0	0.0	0.0	0.0	0.0	0.0
k__Archaea;p__Euryarchaeota;c__Methanobacteria;o__Methanobacteriales;f__Methanobacteriaceae;g__Methanosphaera;s__	0.0	0.0	0.0	0.0	0.0	0.0	0.0	0.0	0.0	0.0	0.0	0.0	0.0	0.0	0.0	1.0	0.0	0.0	0.0	0.0	0.0	0.0	0.0	0.0	0.0	0.0	0.0	0.0	0.0	0.0	0.0	0.0	0.0	0.0	0.0	0.0	0.0	0.0	0.0	0.0	0.0	0.0	0.0	0.0	0.0	0.0	0.0	0.0	0.0
k__Bacteria;p__Actinobacteria;c__Actinobacteria;o__Actinomycetales;f__Microbacteriaceae;g__Curtobacterium;s__	0.0	0.0	0.0	0.0	0.0	0.0	0.0	0.0	0.0	0.0	0.0	0.0	0.0	0.0	0.0	0.0	0.0	0.0	0.0	0.0	0.0	1.0	0.0	0.0	0.0	0.0	0.0	0.0	0.0	0.0	0.0	0.0	0.0	0.0	0.0	0.0	0.0	0.0	0.0	0.0	0.0	0.0	0.0	0.0	0.0	0.0	2.0	0.0	0.0
k__Bacteria;p__Actinobacteria;c__Actinobacteria;o__Actinomycetales;f__Nocardioidaceae;g__;s__	0.0	0.0	0.0	0.0	0.0	0.0	0.0	0.0	0.0	0.0	0.0	0.0	1.0	0.0	0.0	0.0	0.0	0.0	0.0	0.0	0.0	0.0	0.0	0.0	0.0	0.0	0.0	0.0	0.0	0.0	0.0	0.0	0.0	0.0	0.0	0.0	0.0	0.0	0.0	0.0	0.0	0.0	0.0	0.0	0.0	0.0	0.0	0.0	0.0
k__Bacteria;p__Actinobacteria;c__Actinobacteria;o__Bifidobacteriales;f__Bifidobacteriaceae;g__Bifidobacterium;s__	0.0	0.0	0.0	0.0	0.0	0.0	0.0	0.0	0.0	0.0	0.0	0.0	0.0	0.0	0.0	0.0	0.0	0.0	1.0	0.0	0.0	0.0	1.0	0.0	0.0	0.0	0.0	0.0	0.0	0.0	0.0	0.0	0.0	0.0	0.0	0.0	0.0	0.0	0.0	0.0	0.0	0.0	0.0	0.0	0.0	0.0	0.0	0.0	0.0
k__Bacteria;p__Actinobacteria;c__Coriobacteriia;o__Coriobacteriales;f__Coriobacteriaceae;g__;s__	170.0	630.0	579.0	343.0	251.0	195.0	314.0	811.0	69.0	75.0	479.0	126.0	379.0	475.0	352.0	130.0	421.0	1287.0	102.0	82.0	476.0	2112.0	1447.0	514.0	110.0	221.0	91.0	181.0	196.0	59.0	255.0	135.0	55.0	389.0	1770.0	385.0	216.0	273.0	242.0	113.0	251.0	2340.0	191.0	540.0	478.0	668.0	597.0	75.0	360.0
k__Bacteria;p__Actinobacteria;c__Coriobacteriia;o__Coriobacteriales;f__Coriobacteriaceae;g__Adlercreutzia;s__	100.0	152.0	139.0	216.0	277.0	175.0	139.0	94.0	34.0	73.0	110.0	61.0	122.0	143.0	164.0	62.0	93.0	428.0	134.0	88.0	46.0	135.0	448.0	190.0	65.0	172.0	76.0	77.0	62.0	93.0	117.0	66.0	65.0	105.0	446.0	73.0	51.0	232.0	194.0	57.0	131.0	100.0	72.0	142.0	133.0	174.0	181.0	154.0	131.0
k__Bacteria;p__Actinobacteria;c__Coriobacteriia;o__Coriobacteriales;f__Coriobacteriaceae;g__Atopobium;s__	16.0	59.0	38.0	32.0	15.0	12.0	16.0	99.0	5.0	7.0	46.0	9.0	40.0	45.0	64.0	7.0	149.0	195.0	11.0	7.0	24.0	390.0	260.0	28.0	9.0	11.0	6.0	10.0	20.0	11.0	8.0	5.0	2.0	94.0	203.0	92.0	22.0	22.0	9.0	10.0	33.0	127.0	6.0	23.0	24.0	58.0	70.0	6.0	29.0
k__Bacteria;p__Actinobacteria;c__Coriobacteriia;o__Coriobacteriales;f__Coriobacteriaceae;g__Collinsella;s__stercoris	0.0	0.0	0.0	0.0	0.0	0.0	0.0	0.0	0.0	0.0	0.0	0.0	0.0	0.0	0.0	0.0	0.0	0.0	0.0	0.0	0.0	0.0	0.0	0.0	0.0	0.0	0.0	0.0	0.0	0.0	0.0	0.0	0.0	0.0	1.0	0.0	0.0	0.0	0.0	0.0	0.0	0.0	0.0	0.0	0.0	0.0	0.0	0.0	0.0
k__Bacteria;p__Actinobacteria;c__Thermoleophilia;o__Solirubrobacterales;f__Patulibacteraceae;g__;s__	0.0	0.0	0.0	0.0	0.0	0.0	0.0	0.0	0.0	0.0	0.0	0.0	0.0	0.0	0.0	0.0	0.0	0.0	0.0	0.0	0.0	0.0	0.0	0.0	0.0	0.0	0.0	0.0	0.0	0.0	0.0	0.0	0.0	0.0	0.0	0.0	0.0	0.0	0.0	0.0	0.0	0.0	0.0	0.0	0.0	0.0	1.0	0.0	0.0
k__Bacteria;p__Actinobacteria;c__Thermoleophilia;o__Solirubrobacterales;f__Solirubrobacteraceae;g__Solirubrobacter;s__	0.0	0.0	0.0	0.0	0.0	0.0	0.0	0.0	0.0	0.0	0.0	0.0	1.0	0.0	0.0	0.0	0.0	0.0	0.0	0.0	0.0	0.0	0.0	0.0	0.0	0.0	0.0	0.0	0.0	0.0	0.0	0.0	0.0	0.0	0.0	0.0	0.0	0.0	0.0	0.0	0.0	0.0	0.0	0.0	0.0	0.0	0.0	0.0	0.0
k__Bacteria;p__Bacteroidetes;c__Bacteroidia;o__Bacteroidales;f__;g__;s__	0.0	0.0	0.0	0.0	0.0	0.0	0.0	0.0	0.0	0.0	0.0	0.0	1.0	0.0	0.0	0.0	0.0	0.0	0.0	0.0	0.0	0.0	0.0	0.0	0.0	0.0	0.0	0.0	0.0	0.0	0.0	0.0	0.0	0.0	0.0	0.0	2.0	0.0	0.0	0.0	0.0	0.0	0.0	0.0	0.0	0.0	0.0	0.0	1.0
k__Bacteria;p__Bacteroidetes;c__Bacteroidia;o__Bacteroidales;f__BS11;g__;s__	0.0	0.0	0.0	0.0	0.0	0.0	0.0	0.0	0.0	0.0	0.0	0.0	0.0	0.0	1.0	0.0	1.0	0.0	1.0	0.0	0.0	0.0	1.0	0.0	0.0	0.0	0.0	0.0	0.0	1.0	0.0	0.0	0.0	0.0	0.0	0.0	0.0	0.0	0.0	0.0	0.0	0.0	0.0	0.0	1.0	0.0	0.0	0.0	0.0
k__Bacteria;p__Bacteroidetes;c__Bacteroidia;o__Bacteroidales;f__Bacteroidaceae;g__Bacteroides;s__	0.0	0.0	0.0	0.0	0.0	0.0	0.0	1.0	0.0	0.0	0.0	0.0	0.0	0.0	0.0	0.0	1.0	0.0	0.0	0.0	0.0	0.0	0.0	0.0	0.0	0.0	0.0	0.0	0.0	0.0	0.0	1.0	3.0	1.0	0.0	0.0	0.0	0.0	0.0	0.0	0.0	0.0	0.0	0.0	1.0	0.0	0.0	0.0	0.0
k__Bacteria;p__Bacteroidetes;c__Bacteroidia;o__Bacteroidales;f__Bacteroidaceae;g__Bacteroides;s__fragilis	0.0	0.0	0.0	0.0	0.0	0.0	0.0	0.0	0.0	1.0	1.0	0.0	0.0	0.0	0.0	0.0	0.0	0.0	0.0	0.0	0.0	0.0	0.0	0.0	0.0	0.0	0.0	0.0	0.0	0.0	0.0	0.0	0.0	0.0	0.0	0.0	0.0	0.0	0.0	0.0	0.0	0.0	0.0	0.0	0.0	0.0	0.0	0.0	0.0
k__Bacteria;p__Bacteroidetes;c__Bacteroidia;o__Bacteroidales;f__Bacteroidaceae;g__Bacteroides;s__uniformis	0.0	0.0	13.0	0.0	0.0	0.0	0.0	0.0	0.0	0.0	0.0	0.0	0.0	0.0	0.0	0.0	0.0	0.0	0.0	0.0	0.0	6.0	0.0	0.0	0.0	0.0	0.0	0.0	0.0	0.0	0.0	0.0	3.0	0.0	0.0	0.0	0.0	0.0	0.0	0.0	0.0	0.0	6.0	13.0	0.0	1.0	0.0	0.0	0.0
k__Bacteria;p__Bacteroidetes;c__Bacteroidia;o__Bacteroidales;f__Porphyromonadaceae;g__Dysgonomonas;s__	0.0	1.0	0.0	0.0	0.0	0.0	0.0	0.0	0.0	0.0	0.0	0.0	0.0	0.0	3.0	0.0	1.0	0.0	0.0	0.0	0.0	0.0	0.0	5.0	0.0	0.0	0.0	3.0	0.0	0.0	0.0	0.0	0.0	0.0	0.0	2.0	0.0	1.0	0.0	0.0	0.0	0.0	0.0	0.0	0.0	0.0	0.0	0.0	0.0
k__Bacteria;p__Bacteroidetes;c__Bacteroidia;o__Bacteroidales;f__Rikenellaceae;g__;s__	14.0	8.0	1.0	9.0	2.0	6.0	2.0	2.0	1.0	2.0	7.0	0.0	1.0	6.0	17.0	23.0	12.0	0.0	0.0	15.0	7.0	0.0	2.0	6.0	10.0	1.0	6.0	3.0	5.0	0.0	1.0	4.0	0.0	6.0	2.0	3.0	2.0	32.0	3.0	7.0	20.0	0.0	2.0	0.0	14.0	11.0	6.0	5.0	4.0
k__Bacteria;p__Bacteroidetes;c__Bacteroidia;o__Bacteroidales;f__Rikenellaceae;g__Alistipes;s__indistinctus	5.0	0.0	29.0	7.0	0.0	10.0	20.0	0.0	0.0	0.0	9.0	0.0	10.0	0.0	5.0	7.0	5.0	16.0	0.0	4.0	12.0	0.0	3.0	8.0	6.0	15.0	3.0	13.0	0.0	0.0	14.0	52.0	0.0	11.0	13.0	11.0	9.0	4.0	17.0	13.0	19.0	3.0	30.0	18.0	22.0	0.0	13.0	3.0	10.0
k__Bacteria;p__Bacteroidetes;c__Bacteroidia;o__Bacteroidales;f__S24-7;g__;s__	420.0	225.0	1006.0	316.0	358.0	820.0	960.0	117.0	3199.0	1038.0	296.0	1637.0	335.0	255.0	45.0	939.0	113.0	353.0	1161.0	218.0	1107.0	524.0	134.0	213.0	2833.0	1182.0	1598.0	273.0	1886.0	148.0	889.0	359.0	728.0	134.0	690.0	257.0	1011.0	668.0	961.0	514.0	447.0	543.0	728.0	745.0	1968.0	80.0	363.0	158.0	167.0
k__Bacteria;p__Bacteroidetes;c__Flavobacteriia;o__Flavobacteriales;f__[Weeksellaceae];g__Cloacibacterium;s__	0.0	0.0	1.0	1.0	0.0	0.0	1.0	2.0	0.0	0.0	2.0	1.0	0.0	2.0	0.0	0.0	1.0	0.0	0.0	1.0	0.0	5.0	0.0	3.0	4.0	0.0	0.0	0.0	0.0	0.0	0.0	1.0	0.0	0.0	0.0	0.0	0.0	0.0	0.0	0.0	1.0	0.0	0.0	0.0	4.0	4.0	1.0	1.0	0.0
k__Bacteria;p__Cyanobacteria;c__4C0d-2;o__YS2;f__;g__;s__	25.0	2.0	33.0	48.0	22.0	14.0	21.0	36.0	2.0	10.0	44.0	33.0	44.0	22.0	37.0	3.0	25.0	37.0	5.0	21.0	48.0	66.0	23.0	51.0	7.0	11.0	2.0	9.0	41.0	10.0	14.0	113.0	37.0	42.0	28.0	17.0	12.0	11.0	23.0	116.0	25.0	9.0	64.0	47.0	33.0	48.0	20.0	6.0	14.0
k__Bacteria;p__Firmicutes;c__Bacilli;o__Bacillales;f__Bacillaceae;g__;s__	3.0	0.0	0.0	0.0	0.0	0.0	0.0	0.0	0.0	0.0	22.0	1.0	0.0	0.0	0.0	0.0	0.0	0.0	0.0	0.0	0.0	0.0	0.0	0.0	0.0	0.0	0.0	0.0	0.0	1.0	0.0	0.0	0.0	0.0	0.0	0.0	0.0	0.0	0.0	0.0	0.0	0.0	0.0	0.0	0.0	0.0	0.0	0.0	0.0
k__Bacteria;p__Firmicutes;c__Bacilli;o__Bacillales;f__Bacillaceae;g__Bacillus;s__	0.0	0.0	0.0	1.0	0.0	0.0	0.0	1.0	0.0	0.0	1.0	0.0	0.0	0.0	0.0	1.0	1.0	0.0	1.0	0.0	0.0	0.0	0.0	0.0	0.0	1.0	0.0	0.0	0.0	0.0	2.0	0.0	0.0	0.0	0.0	0.0	0.0	0.0	0.0	0.0	1.0	0.0	0.0	0.0	0.0	0.0	0.0	0.0	0.0
k__Bacteria;p__Firmicutes;c__Bacilli;o__Bacillales;f__Bacillaceae;g__Bacillus;s__flexus	0.0	0.0	0.0	0.0	0.0	0.0	0.0	1.0	0.0	0.0	0.0	0.0	0.0	0.0	0.0	0.0	0.0	0.0	0.0	0.0	0.0	1.0	0.0	0.0	0.0	0.0	0.0	0.0	0.0	0.0	0.0	0.0	0.0	0.0	0.0	0.0	0.0	0.0	0.0	0.0	0.0	0.0	0.0	0.0	0.0	0.0	0.0	0.0	0.0
k__Bacteria;p__Firmicutes;c__Bacilli;o__Bacillales;f__Planococcaceae;g__Kurthia;s__gibsonii	18.0	0.0	0.0	0.0	0.0	0.0	0.0	0.0	0.0	0.0	1750.0	11.0	1.0	0.0	0.0	0.0	0.0	0.0	2.0	0.0	0.0	2.0	0.0	3.0	0.0	0.0	0.0	0.0	0.0	19.0	0.0	0.0	0.0	0.0	2.0	0.0	0.0	0.0	1.0	0.0	0.0	0.0	0.0	0.0	0.0	0.0	0.0	1.0	0.0
k__Bacteria;p__Firmicutes;c__Bacilli;o__Bacillales;f__Planococcaceae;g__Solibacillus;s__	6.0	0.0	0.0	0.0	0.0	0.0	0.0	0.0	0.0	0.0	0.0	0.0	0.0	0.0	0.0	0.0	0.0	0.0	0.0	0.0	0.0	0.0	0.0	0.0	0.0	0.0	0.0	0.0	0.0	0.0	0.0	0.0	0.0	0.0	0.0	0.0	0.0	0.0	0.0	0.0	0.0	0.0	0.0	0.0	0.0	0.0	0.0	0.0	0.0
k__Bacteria;p__Firmicutes;c__Bacilli;o__Bacillales;f__Planococcaceae;g__Viridibacillus;s__	0.0	0.0	0.0	0.0	0.0	0.0	0.0	0.0	0.0	0.0	1.0	0.0	0.0	0.0	0.0	0.0	0.0	0.0	0.0	0.0	0.0	0.0	0.0	0.0	0.0	0.0	0.0	0.0	0.0	0.0	0.0	0.0	0.0	0.0	0.0	0.0	0.0	0.0	0.0	0.0	0.0	0.0	0.0	0.0	0.0	0.0	0.0	0.0	0.0
k__Bacteria;p__Firmicutes;c__Bacilli;o__Bacillales;f__Staphylococcaceae;g__Staphylococcus;s__epidermidis	0.0	0.0	0.0	0.0	0.0	0.0	0.0	0.0	0.0	0.0	0.0	0.0	0.0	0.0	0.0	0.0	0.0	0.0	0.0	0.0	0.0	0.0	0.0	0.0	0.0	0.0	0.0	0.0	0.0	0.0	0.0	0.0	0.0	0.0	0.0	0.0	0.0	0.0	0.0	0.0	0.0	0.0	0.0	0.0	0.0	1.0	0.0	0.0	0.0
k__Bacteria;p__Firmicutes;c__Bacilli;o__Lactobacillales;f__Enterococcaceae;g__Enterococcus;s__	2.0	0.0	0.0	0.0	0.0	0.0	0.0	1.0	0.0	0.0	247.0	0.0	1.0	0.0	0.0	0.0	1.0	2.0	0.0	0.0	0.0	0.0	0.0	0.0	0.0	0.0	0.0	0.0	0.0	0.0	0.0	0.0	0.0	1.0	2.0	0.0	0.0	0.0	0.0	0.0	0.0	0.0	0.0	0.0	0.0	0.0	1.0	0.0	0.0
k__Bacteria;p__Firmicutes;c__Bacilli;o__Lactobacillales;f__Enterococcaceae;g__Enterococcus;s__haemoperoxidus	3.0	0.0	0.0	0.0	0.0	0.0	0.0	0.0	0.0	0.0	2029.0	3.0	0.0	0.0	0.0	0.0	0.0	0.0	0.0	0.0	0.0	0.0	0.0	0.0	0.0	0.0	0.0	0.0	0.0	0.0	0.0	0.0	0.0	0.0	1.0	0.0	0.0	0.0	0.0	0.0	0.0	0.0	0.0	0.0	0.0	0.0	0.0	2.0	0.0
k__Bacteria;p__Firmicutes;c__Bacilli;o__Lactobacillales;f__Leuconostocaceae;g__;s__	1.0	0.0	0.0	0.0	0.0	0.0	0.0	0.0	0.0	0.0	0.0	0.0	0.0	0.0	0.0	0.0	0.0	0.0	0.0	0.0	0.0	0.0	0.0	0.0	0.0	0.0	0.0	0.0	0.0	0.0	0.0	0.0	0.0	0.0	0.0	0.0	0.0	0.0	0.0	0.0	0.0	0.0	0.0	0.0	0.0	0.0	0.0	0.0	0.0
k__Bacteria;p__Firmicutes;c__Bacilli;o__Lactobacillales;f__Streptococcaceae;g__Lactococcus;s__	11.0	0.0	0.0	0.0	0.0	0.0	0.0	0.0	0.0	0.0	73.0	0.0	0.0	0.0	0.0	0.0	0.0	0.0	0.0	0.0	0.0	0.0	0.0	0.0	0.0	0.0	0.0	0.0	0.0	0.0	0.0	0.0	0.0	0.0	1.0	0.0	0.0	0.0	0.0	0.0	0.0	0.0	0.0	0.0	0.0	0.0	0.0	0.0	0.0
k__Bacteria;p__Firmicutes;c__Bacilli;o__Lactobacillales;f__Streptococcaceae;g__Lactococcus;s__garvieae	1.0	0.0	0.0	0.0	0.0	0.0	0.0	0.0	0.0	0.0	0.0	0.0	0.0	0.0	0.0	0.0	0.0	0.0	0.0	0.0	0.0	0.0	0.0	0.0	0.0	0.0	0.0	0.0	0.0	0.0	0.0	0.0	0.0	0.0	0.0	0.0	0.0	0.0	0.0	0.0	0.0	0.0	0.0	0.0	0.0	0.0	0.0	0.0	0.0
k__Bacteria;p__Firmicutes;c__Bacilli;o__Lactobacillales;f__Streptococcaceae;g__Streptococcus;s__	1.0	0.0	2.0	0.0	0.0	0.0	0.0	0.0	0.0	0.0	0.0	0.0	1.0	2.0	0.0	0.0	1.0	0.0	0.0	1.0	1.0	1.0	0.0	1.0	0.0	0.0	0.0	0.0	0.0	2.0	1.0	0.0	0.0	0.0	1.0	0.0	0.0	0.0	0.0	0.0	0.0	3.0	1.0	0.0	2.0	2.0	1.0	0.0	0.0
k__Bacteria;p__Firmicutes;c__Clostridia;o__Clostridiales;f__;g__;s__	11062.0	12422.0	9889.0	14030.0	12729.0	11771.0	12275.0	14990.0	7991.0	8141.0	15302.0	8424.0	11515.0	13039.0	16778.0	11682.0	15573.0	17665.0	10542.0	12702.0	9757.0	11473.0	14932.0	17152.0	9014.0	9529.0	8844.0	9582.0	8150.0	15102.0	9544.0	12469.0	6953.0	14541.0	11743.0	10605.0	11480.0	10278.0	11693.0	14411.0	7680.0	10462.0	8525.0	13940.0	11893.0	14491.0	14841.0	13423.0	11249.0
k__Bacteria;p__Firmicutes;c__Clostridia;o__Clostridiales;f__Christensenellaceae;g__;s__	117.0	105.0	154.0	350.0	80.0	365.0	93.0	59.0	48.0	69.0	118.0	46.0	122.0	679.0	52.0	107.0	85.0	202.0	55.0	243.0	191.0	195.0	186.0	943.0	91.0	80.0	22.0	98.0	326.0	749.0	65.0	632.0	199.0	832.0	94.0	238.0	92.0	53.0	119.0	156.0	101.0	71.0	117.0	104.0	208.0	165.0	403.0	226.0	300.0
k__Bacteria;p__Firmicutes;c__Clostridia;o__Clostridiales;f__Clostridiaceae;g__;s__	84.0	130.0	49.0	63.0	74.0	33.0	203.0	137.0	118.0	48.0	77.0	238.0	946.0	39.0	38.0	73.0	32.0	285.0	421.0	131.0	321.0	302.0	302.0	77.0	231.0	252.0	309.0	70.0	181.0	35.0	165.0	145.0	105.0	121.0	272.0	79.0	111.0	41.0	205.0	52.0	59.0	320.0	77.0	562.0	168.0	46.0	30.0	68.0	36.0
k__Bacteria;p__Firmicutes;c__Clostridia;o__Clostridiales;f__Clostridiaceae;g__Clostridium;s__	1897.0	1650.0	1745.0	2680.0	1319.0	1587.0	2397.0	1414.0	1067.0	1057.0	1343.0	1681.0	1562.0	2693.0	1877.0	1101.0	1883.0	2252.0	2207.0	1136.0	1626.0	1551.0	1970.0	1558.0	1394.0	1921.0	2212.0	1505.0	1311.0	1141.0	2047.0	1135.0	1491.0	1366.0	1773.0	1206.0	1731.0	2399.0	2119.0	1498.0	2933.0	1521.0	899.0	1213.0	1871.0	2018.0	1263.0	991.0	992.0
k__Bacteria;p__Firmicutes;c__Clostridia;o__Clostridiales;f__Clostridiaceae;g__SMB53;s__	0.0	0.0	0.0	0.0	0.0	0.0	0.0	0.0	0.0	0.0	0.0	0.0	0.0	0.0	0.0	0.0	0.0	21.0	0.0	0.0	0.0	0.0	15.0	0.0	0.0	0.0	0.0	0.0	0.0	1.0	0.0	0.0	0.0	0.0	0.0	0.0	0.0	1.0	0.0	0.0	0.0	0.0	0.0	16.0	0.0	0.0	0.0	0.0	0.0
k__Bacteria;p__Firmicutes;c__Clostridia;o__Clostridiales;f__Dehalobacteriaceae;g__;s__	2.0	0.0	15.0	22.0	34.0	6.0	30.0	0.0	0.0	0.0	8.0	0.0	109.0	7.0	25.0	3.0	20.0	8.0	0.0	30.0	1.0	12.0	11.0	9.0	0.0	22.0	0.0	4.0	0.0	89.0	21.0	29.0	0.0	211.0	9.0	24.0	0.0	0.0	23.0	26.0	29.0	0.0	4.0	2.0	0.0	17.0	14.0	6.0	2.0
k__Bacteria;p__Firmicutes;c__Clostridia;o__Clostridiales;f__Dehalobacteriaceae;g__Dehalobacterium;s__	107.0	42.0	82.0	48.0	98.0	36.0	93.0	23.0	85.0	36.0	15.0	68.0	61.0	27.0	29.0	106.0	32.0	35.0	105.0	45.0	91.0	57.0	34.0	44.0	102.0	87.0	46.0	78.0	55.0	18.0	91.0	138.0	39.0	17.0	90.0	36.0	32.0	78.0	72.0	65.0	24.0	87.0	40.0	98.0	86.0	32.0	32.0	47.0	23.0
k__Bacteria;p__Firmicutes;c__Clostridia;o__Clostridiales;f__Eubacteriaceae;g__Anaerofustis;s__	3.0	0.0	2.0	7.0	6.0	13.0	1.0	1.0	0.0	3.0	7.0	0.0	4.0	1.0	9.0	0.0	9.0	22.0	0.0	3.0	3.0	40.0	29.0	5.0	0.0	0.0	0.0	5.0	1.0	7.0	3.0	2.0	4.0	12.0	6.0	7.0	0.0	7.0	1.0	1.0	2.0	0.0	0.0	3.0	0.0	4.0	11.0	1.0	5.0
k__Bacteria;p__Firmicutes;c__Clostridia;o__Clostridiales;f__Eubacteriaceae;g__Pseudoramibacter_Eubacterium;s__	8.0	26.0	29.0	23.0	9.0	5.0	11.0	85.0	8.0	5.0	16.0	3.0	43.0	11.0	18.0	6.0	9.0	40.0	8.0	7.0	24.0	36.0	51.0	13.0	2.0	1.0	7.0	14.0	9.0	8.0	18.0	9.0	7.0	38.0	71.0	9.0	10.0	3.0	10.0	1.0	21.0	46.0	6.0	30.0	21.0	55.0	22.0	5.0	10.0
k__Bacteria;p__Firmicutes;c__Clostridia;o__Clostridiales;f__Lachnospiraceae;g__;s__	5192.0	2544.0	2167.0	1974.0	5419.0	1748.0	3770.0	9879.0	2948.0	1481.0	3290.0	5099.0	5797.0	2010.0	3456.0	2380.0	1989.0	2846.0	6444.0	3683.0	3763.0	2685.0	2310.0	3646.0	4016.0	3226.0	9400.0	3317.0	2508.0	2370.0	2800.0	1627.0	2666.0	2270.0	4162.0	2224.0	2491.0	2531.0	3663.0	2972.0	2770.0	6071.0	1664.0	5436.0	3203.0	3063.0	2035.0	1839.0	1863.0
k__Bacteria;p__Firmicutes;c__Clostridia;o__Clostridiales;f__Lachnospiraceae;g__Anaerostipes;s__	36.0	28.0	2.0	24.0	50.0	9.0	28.0	42.0	60.0	56.0	12.0	79.0	65.0	1.0	22.0	7.0	1.0	36.0	193.0	20.0	33.0	15.0	26.0	16.0	75.0	54.0	78.0	89.0	23.0	6.0	27.0	17.0	20.0	21.0	49.0	13.0	26.0	18.0	53.0	43.0	16.0	14.0	38.0	0.0	8.0	30.0	11.0	56.0	6.0
k__Bacteria;p__Firmicutes;c__Clostridia;o__Clostridiales;f__Lachnospiraceae;g__Blautia;s__	1643.0	1356.0	1018.0	2067.0	2277.0	1614.0	1039.0	5423.0	613.0	1099.0	1951.0	1265.0	1588.0	1293.0	2016.0	609.0	1084.0	1916.0	1602.0	1431.0	947.0	1099.0	1939.0	2701.0	1024.0	986.0	1274.0	969.0	548.0	1499.0	1015.0	662.0	560.0	1761.0	1703.0	516.0	781.0	890.0	1413.0	1439.0	1207.0	1019.0	736.0	1584.0	737.0	2037.0	1173.0	1558.0	934.0
k__Bacteria;p__Firmicutes;c__Clostridia;o__Clostridiales;f__Lachnospiraceae;g__Blautia;s__obeum	10.0	3.0	5.0	8.0	10.0	6.0	3.0	32.0	2.0	5.0	2.0	8.0	6.0	9.0	0.0	7.0	4.0	5.0	9.0	6.0	2.0	0.0	13.0	5.0	2.0	0.0	5.0	0.0	4.0	5.0	7.0	3.0	6.0	10.0	6.0	3.0	6.0	2.0	2.0	5.0	6.0	8.0	1.0	4.0	3.0	9.0	5.0	6.0	3.0
k__Bacteria;p__Firmicutes;c__Clostridia;o__Clostridiales;f__Lachnospiraceae;g__Blautia;s__producta	0.0	0.0	0.0	0.0	0.0	0.0	0.0	1.0	0.0	0.0	0.0	0.0	0.0	0.0	0.0	0.0	0.0	0.0	0.0	0.0	0.0	0.0	1.0	0.0	0.0	0.0	0.0	0.0	0.0	0.0	0.0	0.0	0.0	0.0	0.0	0.0	0.0	0.0	0.0	0.0	0.0	0.0	0.0	0.0	0.0	0.0	0.0	0.0	0.0
k__Bacteria;p__Firmicutes;c__Clostridia;o__Clostridiales;f__Lachnospiraceae;g__Butyrivibrio;s__	75.0	234.0	201.0	163.0	161.0	22.0	106.0	1342.0	40.0	62.0	259.0	93.0	269.0	266.0	256.0	83.0	345.0	383.0	104.0	40.0	174.0	529.0	439.0	97.0	43.0	56.0	57.0	84.0	41.0	18.0	100.0	50.0	25.0	259.0	470.0	162.0	124.0	100.0	80.0	110.0	156.0	532.0	58.0	183.0	88.0	297.0	184.0	34.0	144.0
k__Bacteria;p__Firmicutes;c__Clostridia;o__Clostridiales;f__Lachnospiraceae;g__Coprococcus;s__	2339.0	1933.0	712.0	1022.0	1917.0	1431.0	1960.0	2527.0	1155.0	772.0	1439.0	1491.0	1976.0	715.0	965.0	1051.0	629.0	1228.0	2419.0	968.0	1218.0	969.0	987.0	1367.0	1431.0	1326.0	1489.0	802.0	1308.0	775.0	1413.0	745.0	1188.0	584.0	1372.0	1112.0	1052.0	1016.0	1665.0	858.0	1263.0	1382.0	598.0	2061.0	1203.0	1273.0	1135.0	942.0	976.0
k__Bacteria;p__Firmicutes;c__Clostridia;o__Clostridiales;f__Lachnospiraceae;g__Dorea;s__	2406.0	2253.0	1123.0	2537.0	1647.0	748.0	1939.0	4204.0	1622.0	1380.0	3169.0	2489.0	4679.0	1488.0	1230.0	2318.0	616.0	1691.0	4866.0	2227.0	2372.0	1318.0	1104.0	745.0	2838.0	2181.0	2933.0	1136.0	1459.0	562.0	1559.0	1450.0	1234.0	1209.0	2494.0	1408.0	2024.0	2024.0	2737.0	1571.0	2122.0	2660.0	1281.0	3958.0	1730.0	2185.0	852.0	2078.0	1045.0
k__Bacteria;p__Firmicutes;c__Clostridia;o__Clostridiales;f__Lachnospiraceae;g__Dorea;s__formicigenerans	337.0	677.0	480.0	1103.0	1289.0	600.0	713.0	2371.0	406.0	540.0	638.0	465.0	1834.0	433.0	932.0	326.0	358.0	659.0	654.0	748.0	581.0	628.0	572.0	765.0	794.0	692.0	585.0	208.0	429.0	317.0	605.0	596.0	500.0	1103.0	869.0	529.0	361.0	472.0	1143.0	540.0	276.0	414.0	417.0	870.0	595.0	1442.0	319.0	655.0	266.0
k__Bacteria;p__Firmicutes;c__Clostridia;o__Clostridiales;f__Lachnospiraceae;g__Lachnobacterium;s__	7.0	1.0	3.0	0.0	1.0	3.0	5.0	8.0	0.0	0.0	3.0	0.0	1.0	1.0	2.0	0.0	1.0	0.0	3.0	2.0	1.0	1.0	0.0	1.0	0.0	0.0	3.0	2.0	1.0	2.0	1.0	2.0	1.0	1.0	2.0	1.0	2.0	2.0	1.0	3.0	0.0	22.0	0.0	2.0	2.0	0.0	2.0	1.0	1.0
k__Bacteria;p__Firmicutes;c__Clostridia;o__Clostridiales;f__Lachnospiraceae;g__Lachnospira;s__	92.0	2.0	0.0	55.0	59.0	1.0	4.0	75.0	0.0	0.0	37.0	14.0	2.0	0.0	0.0	0.0	3.0	2.0	0.0	0.0	10.0	6.0	7.0	6.0	29.0	4.0	38.0	1.0	1.0	2.0	0.0	0.0	0.0	0.0	56.0	0.0	0.0	12.0	0.0	17.0	2.0	18.0	6.0	14.0	7.0	2.0	7.0	2.0	10.0
k__Bacteria;p__Firmicutes;c__Clostridia;o__Clostridiales;f__Lachnospiraceae;g__Marvinbryantia;s__formatexigens	0.0	0.0	0.0	0.0	0.0	0.0	0.0	5.0	0.0	0.0	1.0	0.0	0.0	1.0	1.0	0.0	0.0	0.0	0.0	0.0	0.0	0.0	0.0	0.0	3.0	0.0	0.0	1.0	0.0	0.0	0.0	0.0	0.0	1.0	3.0	1.0	1.0	1.0	1.0	1.0	0.0	1.0	0.0	0.0	0.0	1.0	0.0	0.0	0.0
k__Bacteria;p__Firmicutes;c__Clostridia;o__Clostridiales;f__Lachnospiraceae;g__Robinsoniella;s__peoriensis	0.0	0.0	0.0	0.0	1.0	0.0	0.0	0.0	0.0	0.0	0.0	0.0	0.0	1.0	0.0	0.0	0.0	0.0	0.0	0.0	0.0	0.0	1.0	0.0	0.0	0.0	0.0	1.0	0.0	0.0	0.0	0.0	0.0	0.0	0.0	0.0	0.0	0.0	0.0	0.0	0.0	0.0	0.0	0.0	0.0	0.0	0.0	0.0	0.0
k__Bacteria;p__Firmicutes;c__Clostridia;o__Clostridiales;f__Lachnospiraceae;g__Roseburia;s__	1336.0	96.0	489.0	87.0	532.0	273.0	791.0	291.0	440.0	489.0	209.0	295.0	367.0	156.0	166.0	268.0	138.0	439.0	656.0	448.0	297.0	261.0	240.0	640.0	935.0	542.0	915.0	584.0	289.0	230.0	540.0	330.0	344.0	197.0	875.0	550.0	291.0	250.0	501.0	599.0	201.0	1649.0	516.0	545.0	810.0	440.0	203.0	340.0	182.0
k__Bacteria;p__Firmicutes;c__Clostridia;o__Clostridiales;f__Lachnospiraceae;g__Roseburia;s__faecis	215.0	4.0	80.0	15.0	104.0	62.0	120.0	34.0	83.0	91.0	22.0	40.0	28.0	24.0	18.0	62.0	7.0	53.0	112.0	71.0	38.0	47.0	33.0	87.0	155.0	83.0	79.0	156.0	31.0	39.0	97.0	90.0	43.0	29.0	97.0	71.0	49.0	61.0	90.0	116.0	24.0	331.0	77.0	77.0	77.0	37.0	36.0	45.0	29.0
k__Bacteria;p__Firmicutes;c__Clostridia;o__Clostridiales;f__Lachnospiraceae;g__[Ruminococcus];s__	33.0	3.0	5.0	0.0	2.0	1.0	0.0	14.0	9.0	2.0	5.0	20.0	4.0	2.0	1.0	3.0	2.0	3.0	28.0	0.0	3.0	2.0	4.0	3.0	1.0	1.0	49.0	2.0	7.0	0.0	1.0	2.0	3.0	2.0	8.0	1.0	11.0	4.0	3.0	9.0	0.0	36.0	2.0	5.0	0.0	2.0	0.0	3.0	1.0
k__Bacteria;p__Firmicutes;c__Clostridia;o__Clostridiales;f__Lachnospiraceae;g__[Ruminococcus];s__gnavus	2.0	1.0	0.0	2.0	0.0	0.0	2.0	10.0	1.0	1.0	0.0	2.0	2.0	0.0	2.0	0.0	0.0	2.0	5.0	0.0	0.0	0.0	0.0	1.0	0.0	0.0	2.0	1.0	2.0	2.0	1.0	1.0	0.0	1.0	2.0	1.0	0.0	0.0	1.0	0.0	0.0	9.0	3.0	1.0	1.0	0.0	0.0	0.0	0.0
k__Bacteria;p__Firmicutes;c__Clostridia;o__Clostridiales;f__Peptococcaceae;g__;s__	71.0	38.0	30.0	9.0	18.0	26.0	63.0	12.0	29.0	8.0	49.0	119.0	95.0	36.0	11.0	36.0	10.0	55.0	53.0	25.0	53.0	40.0	9.0	33.0	68.0	69.0	105.0	94.0	106.0	26.0	39.0	21.0	79.0	13.0	107.0	41.0	33.0	8.0	62.0	40.0	8.0	132.0	9.0	65.0	94.0	12.0	25.0	34.0	22.0
k__Bacteria;p__Firmicutes;c__Clostridia;o__Clostridiales;f__Peptococcaceae;g__rc4-4;s__	46.0	10.0	7.0	6.0	17.0	9.0	19.0	11.0	8.0	5.0	13.0	43.0	49.0	13.0	7.0	8.0	8.0	12.0	24.0	24.0	38.0	32.0	4.0	3.0	41.0	18.0	36.0	16.0	23.0	13.0	13.0	19.0	25.0	3.0	28.0	23.0	29.0	6.0	31.0	14.0	22.0	88.0	28.0	33.0	28.0	4.0	8.0	12.0	14.0
k__Bacteria;p__Firmicutes;c__Clostridia;o__Clostridiales;f__Peptostreptococcaceae;g__;s__	0.0	0.0	0.0	1.0	1.0	0.0	0.0	0.0	0.0	0.0	1.0	0.0	3.0	0.0	0.0	165.0	5.0	19.0	1.0	0.0	15.0	4.0	16.0	1.0	0.0	0.0	0.0	0.0	0.0	0.0	0.0	64.0	1.0	2.0	0.0	0.0	56.0	276.0	0.0	1.0	0.0	0.0	0.0	1.0	0.0	0.0	1.0	0.0	0.0
k__Bacteria;p__Firmicutes;c__Clostridia;o__Clostridiales;f__Ruminococcaceae;g__;s__	35806.0	18312.0	27178.0	26252.0	28084.0	20400.0	33228.0	17458.0	26338.0	22831.0	19496.0	37368.0	30614.0	36011.0	24709.0	25130.0	16720.0	30116.0	29084.0	19683.0	29942.0	23642.0	23610.0	21014.0	28260.0	24734.0	40920.0	30624.0	22768.0	22920.0	28153.0	33760.0	26851.0	26325.0	23394.0	27304.0	25921.0	26789.0	32244.0	25987.0	32222.0	25974.0	16924.0	32265.0	24561.0	26184.0	25433.0	27369.0	22458.0
k__Bacteria;p__Firmicutes;c__Clostridia;o__Clostridiales;f__Ruminococcaceae;g__Clostridium;s__methylpentosum	0.0	19.0	0.0	39.0	49.0	53.0	7.0	0.0	6.0	12.0	4.0	4.0	9.0	0.0	8.0	9.0	10.0	0.0	1.0	0.0	7.0	0.0	0.0	70.0	2.0	3.0	0.0	2.0	7.0	9.0	2.0	5.0	1.0	7.0	5.0	7.0	0.0	0.0	8.0	0.0	0.0	0.0	2.0	6.0	13.0	34.0	5.0	13.0	0.0
k__Bacteria;p__Firmicutes;c__Clostridia;o__Clostridiales;f__Ruminococcaceae;g__Faecalibacterium;s__prausnitzii	96.0	54.0	65.0	15.0	42.0	14.0	90.0	7.0	72.0	56.0	66.0	234.0	117.0	28.0	20.0	230.0	38.0	14.0	77.0	125.0	175.0	19.0	11.0	37.0	151.0	168.0	613.0	94.0	75.0	37.0	93.0	88.0	43.0	10.0	118.0	47.0	29.0	50.0	207.0	175.0	38.0	74.0	46.0	338.0	347.0	40.0	29.0	58.0	21.0
k__Bacteria;p__Firmicutes;c__Clostridia;o__Clostridiales;f__Ruminococcaceae;g__Oscillospira;s__	6509.0	3896.0	5179.0	3170.0	3330.0	3628.0	7742.0	1629.0	5377.0	6427.0	4333.0	7349.0	2757.0	6756.0	2770.0	7629.0	3787.0	6593.0	4353.0	2148.0	7687.0	5246.0	6207.0	2076.0	5405.0	6855.0	6443.0	5254.0	5686.0	1851.0	6612.0	6896.0	7435.0	2028.0	3749.0	2994.0	7932.0	2634.0	5900.0	4543.0	5004.0	6371.0	3769.0	3650.0	7331.0	2736.0	7509.0	3515.0	6568.0
k__Bacteria;p__Firmicutes;c__Clostridia;o__Clostridiales;f__Ruminococcaceae;g__Papillibacter;s__cinnamivorans	0.0	0.0	0.0	0.0	0.0	0.0	0.0	0.0	0.0	0.0	0.0	0.0	0.0	0.0	0.0	0.0	0.0	0.0	0.0	0.0	0.0	0.0	0.0	0.0	0.0	0.0	0.0	0.0	0.0	0.0	0.0	0.0	0.0	0.0	0.0	0.0	0.0	0.0	0.0	0.0	0.0	0.0	0.0	0.0	0.0	0.0	0.0	0.0	1.0
k__Bacteria;p__Firmicutes;c__Clostridia;o__Clostridiales;f__Ruminococcaceae;g__Ruminococcus;s__	3885.0	1924.0	1909.0	3675.0	2359.0	2535.0	2225.0	2652.0	1906.0	1572.0	3173.0	2387.0	1350.0	3912.0	1890.0	2177.0	1025.0	5895.0	2329.0	9294.0	2724.0	3552.0	4575.0	5530.0	2585.0	1685.0	2932.0	3178.0	2174.0	7031.0	1739.0	2195.0	2299.0	2096.0	1898.0	1841.0	1561.0	1713.0	2112.0	3943.0	2902.0	3259.0	1654.0	3261.0	2058.0	4365.0	2664.0	2554.0	1801.0
k__Bacteria;p__Firmicutes;c__Clostridia;o__Clostridiales;f__Ruminococcaceae;g__Ruminococcus;s__bromii	0.0	1.0	0.0	2.0	4.0	0.0	0.0	0.0	0.0	0.0	0.0	1.0	0.0	2.0	2.0	1.0	0.0	0.0	1.0	3.0	0.0	1.0	1.0	0.0	1.0	0.0	1.0	2.0	0.0	2.0	0.0	0.0	0.0	1.0	0.0	2.0	1.0	0.0	1.0	0.0	0.0	0.0	0.0	1.0	0.0	1.0	1.0	1.0	0.0
k__Bacteria;p__Firmicutes;c__Clostridia;o__Clostridiales;f__Ruminococcaceae;g__Ruminococcus;s__callidus	1.0	2.0	0.0	0.0	2.0	0.0	0.0	1.0	0.0	1.0	0.0	0.0	1.0	4.0	0.0	1.0	0.0	0.0	1.0	0.0	0.0	0.0	0.0	0.0	4.0	0.0	1.0	3.0	2.0	0.0	0.0	0.0	5.0	0.0	1.0	0.0	0.0	0.0	0.0	0.0	0.0	10.0	0.0	2.0	0.0	3.0	0.0	0.0	0.0
k__Bacteria;p__Firmicutes;c__Clostridia;o__Clostridiales;f__Ruminococcaceae;g__Ruminococcus;s__flavefaciens	4.0	176.0	1.0	29.0	491.0	1.0	206.0	459.0	6.0	0.0	48.0	27.0	204.0	2.0	251.0	30.0	87.0	7.0	256.0	382.0	54.0	25.0	9.0	195.0	248.0	151.0	8.0	100.0	8.0	33.0	138.0	134.0	25.0	14.0	478.0	76.0	3.0	17.0	99.0	98.0	0.0	242.0	44.0	7.0	60.0	30.0	2.0	3.0	2.0
k__Bacteria;p__Firmicutes;c__Clostridia;o__Clostridiales;f__Syntrophomonadaceae;g__Syntrophomonas;s__	7.0	1.0	1.0	0.0	0.0	0.0	3.0	0.0	17.0	5.0	0.0	3.0	6.0	1.0	0.0	0.0	1.0	0.0	1.0	1.0	13.0	0.0	0.0	1.0	14.0	1.0	0.0	6.0	4.0	0.0	2.0	2.0	4.0	0.0	4.0	5.0	3.0	3.0	2.0	3.0	2.0	3.0	8.0	13.0	1.0	0.0	2.0	1.0	0.0
k__Bacteria;p__Firmicutes;c__Clostridia;o__Clostridiales;f__Veillonellaceae;g__;s__	4.0	0.0	2.0	5.0	4.0	4.0	1.0	8.0	1.0	6.0	1.0	1.0	6.0	5.0	0.0	10.0	1.0	0.0	4.0	3.0	15.0	1.0	6.0	10.0	10.0	5.0	4.0	1.0	2.0	3.0	5.0	5.0	7.0	3.0	3.0	2.0	0.0	1.0	2.0	6.0	3.0	9.0	1.0	2.0	6.0	5.0	6.0	4.0	1.0
k__Bacteria;p__Firmicutes;c__Clostridia;o__Clostridiales;f__Veillonellaceae;g__Dialister;s__	0.0	0.0	0.0	0.0	0.0	0.0	0.0	0.0	0.0	0.0	0.0	0.0	0.0	0.0	0.0	0.0	0.0	0.0	0.0	0.0	0.0	0.0	0.0	0.0	0.0	0.0	0.0	0.0	0.0	0.0	0.0	0.0	0.0	0.0	0.0	0.0	0.0	1.0	0.0	0.0	0.0	0.0	0.0	0.0	0.0	0.0	0.0	0.0	0.0
k__Bacteria;p__Firmicutes;c__Clostridia;o__Clostridiales;f__Veillonellaceae;g__Selenomonas;s__ruminantium	0.0	3.0	1.0	2.0	3.0	0.0	0.0	6.0	0.0	0.0	0.0	0.0	1.0	0.0	0.0	2.0	1.0	0.0	0.0	0.0	0.0	0.0	0.0	0.0	0.0	0.0	0.0	0.0	0.0	0.0	0.0	0.0	0.0	3.0	2.0	0.0	0.0	0.0	0.0	1.0	0.0	0.0	0.0	0.0	0.0	7.0	1.0	2.0	1.0
k__Bacteria;p__Firmicutes;c__Clostridia;o__Clostridiales;f__[Mogibacteriaceae];g__;s__	189.0	193.0	203.0	227.0	251.0	135.0	284.0	214.0	173.0	216.0	124.0	221.0	1309.0	268.0	194.0	107.0	144.0	265.0	369.0	261.0	351.0	250.0	235.0	241.0	231.0	217.0	218.0	215.0	153.0	212.0	228.0	220.0	141.0	1300.0	329.0	289.0	150.0	314.0	351.0	175.0	305.0	415.0	131.0	485.0	246.0	283.0	171.0	147.0	114.0
k__Bacteria;p__Firmicutes;c__Erysipelotrichi;o__Erysipelotrichales;f__Erysipelotrichaceae;g__;s__	63.0	35.0	42.0	26.0	11.0	14.0	59.0	33.0	80.0	28.0	44.0	86.0	67.0	36.0	67.0	171.0	62.0	55.0	161.0	44.0	63.0	16.0	46.0	16.0	172.0	85.0	122.0	32.0	131.0	39.0	63.0	33.0	49.0	24.0	62.0	33.0	76.0	78.0	78.0	62.0	34.0	77.0	41.0	104.0	24.0	14.0	75.0	35.0	69.0
k__Bacteria;p__Firmicutes;c__Erysipelotrichi;o__Erysipelotrichales;f__Erysipelotrichaceae;g__Bulleidia;s__	0.0	2.0	0.0	3.0	2.0	0.0	0.0	2.0	1.0	0.0	4.0	0.0	1.0	0.0	0.0	0.0	4.0	4.0	0.0	0.0	0.0	7.0	3.0	0.0	0.0	1.0	0.0	1.0	0.0	1.0	0.0	0.0	0.0	1.0	0.0	1.0	1.0	0.0	2.0	1.0	3.0	1.0	3.0	1.0	0.0	5.0	3.0	0.0	1.0
k__Bacteria;p__Firmicutes;c__Erysipelotrichi;o__Erysipelotrichales;f__Erysipelotrichaceae;g__Bulleidia;s__hoa12_73A10	0.0	1.0	3.0	0.0	1.0	0.0	2.0	0.0	0.0	0.0	3.0	0.0	1.0	5.0	1.0	0.0	2.0	0.0	0.0	0.0	3.0	2.0	1.0	0.0	0.0	0.0	0.0	0.0	0.0	0.0	0.0	1.0	0.0	0.0	1.0	3.0	0.0	1.0	1.0	0.0	1.0	1.0	0.0	2.0	1.0	0.0	0.0	0.0	1.0
k__Bacteria;p__Firmicutes;c__Erysipelotrichi;o__Erysipelotrichales;f__Erysipelotrichaceae;g__Catenibacterium;s__	0.0	2.0	0.0	3.0	0.0	0.0	0.0	1.0	1.0	0.0	3.0	0.0	1.0	0.0	2.0	1.0	3.0	1.0	1.0	0.0	0.0	0.0	0.0	0.0	1.0	0.0	0.0	0.0	0.0	0.0	3.0	0.0	0.0	2.0	2.0	1.0	0.0	0.0	0.0	3.0	2.0	3.0	0.0	0.0	0.0	3.0	2.0	0.0	0.0
k__Bacteria;p__Firmicutes;c__Erysipelotrichi;o__Erysipelotrichales;f__Erysipelotrichaceae;g__Coprobacillus;s__	24.0	19.0	2.0	44.0	39.0	14.0	23.0	170.0	16.0	16.0	7.0	23.0	23.0	7.0	33.0	27.0	10.0	36.0	68.0	28.0	16.0	12.0	21.0	22.0	18.0	30.0	37.0	15.0	22.0	10.0	19.0	4.0	14.0	13.0	44.0	17.0	44.0	21.0	32.0	9.0	13.0	32.0	5.0	49.0	23.0	14.0	14.0	12.0	30.0
k__Bacteria;p__Firmicutes;c__Erysipelotrichi;o__Erysipelotrichales;f__Erysipelotrichaceae;g__RFN20;s__	0.0	1.0	2.0	0.0	0.0	2.0	0.0	0.0	2.0	0.0	0.0	0.0	0.0	0.0	0.0	0.0	0.0	0.0	0.0	0.0	0.0	0.0	0.0	0.0	0.0	0.0	0.0	1.0	0.0	2.0	0.0	0.0	0.0	0.0	1.0	0.0	2.0	0.0	0.0	0.0	0.0	0.0	0.0	0.0	2.0	0.0	0.0	0.0	0.0
k__Bacteria;p__Firmicutes;c__Erysipelotrichi;o__Erysipelotrichales;f__Erysipelotrichaceae;g__[Eubacterium];s__cylindroides	1.0	2.0	0.0	2.0	2.0	0.0	1.0	3.0	0.0	1.0	0.0	0.0	1.0	5.0	2.0	0.0	2.0	0.0	1.0	0.0	0.0	6.0	3.0	0.0	0.0	1.0	1.0	0.0	0.0	0.0	2.0	0.0	0.0	5.0	4.0	2.0	2.0	2.0	0.0	0.0	0.0	1.0	2.0	0.0	1.0	4.0	0.0	0.0	0.0
k__Bacteria;p__Firmicutes;c__OPB54;o__;f__;g__;s__	1.0	0.0	0.0	1.0	1.0	3.0	1.0	0.0	2.0	0.0	1.0	0.0	0.0	3.0	0.0	0.0	1.0	0.0	0.0	0.0	2.0	0.0	2.0	0.0	0.0	0.0	1.0	0.0	3.0	0.0	0.0	0.0	0.0	0.0	0.0	2.0	1.0	1.0	1.0	0.0	3.0	0.0	1.0	0.0	0.0	0.0	0.0	2.0	0.0
k__Bacteria;p__Proteobacteria;c__Alphaproteobacteria;o__;f__;g__;s__	1.0	0.0	0.0	0.0	0.0	1.0	1.0	0.0	4.0	5.0	0.0	0.0	0.0	1.0	1.0	5.0	0.0	4.0	0.0	0.0	2.0	0.0	1.0	0.0	3.0	0.0	0.0	2.0	3.0	1.0	0.0	15.0	0.0	0.0	0.0	8.0	1.0	0.0	1.0	0.0	0.0	0.0	4.0	3.0	0.0	0.0	1.0	0.0	0.0
k__Bacteria;p__Proteobacteria;c__Alphaproteobacteria;o__Caulobacterales;f__;g__;s__	0.0	0.0	0.0	0.0	0.0	0.0	0.0	0.0	0.0	0.0	0.0	0.0	0.0	0.0	0.0	0.0	0.0	0.0	0.0	0.0	0.0	0.0	0.0	0.0	0.0	0.0	0.0	0.0	0.0	0.0	0.0	0.0	0.0	0.0	0.0	0.0	0.0	0.0	0.0	0.0	0.0	0.0	0.0	0.0	0.0	0.0	1.0	0.0	0.0
k__Bacteria;p__Proteobacteria;c__Alphaproteobacteria;o__Caulobacterales;f__Caulobacteraceae;g__Phenylobacterium;s__	0.0	0.0	0.0	0.0	1.0	0.0	0.0	0.0	0.0	0.0	0.0	0.0	0.0	0.0	0.0	0.0	0.0	0.0	0.0	0.0	0.0	0.0	0.0	0.0	0.0	0.0	0.0	0.0	0.0	0.0	0.0	0.0	0.0	0.0	0.0	0.0	0.0	0.0	0.0	0.0	0.0	0.0	0.0	0.0	0.0	0.0	0.0	0.0	0.0
k__Bacteria;p__Proteobacteria;c__Alphaproteobacteria;o__Rhizobiales;f__;g__;s__	0.0	0.0	0.0	0.0	0.0	0.0	0.0	0.0	0.0	0.0	0.0	0.0	0.0	0.0	0.0	0.0	0.0	0.0	0.0	0.0	0.0	1.0	0.0	0.0	0.0	1.0	0.0	0.0	0.0	0.0	0.0	0.0	0.0	0.0	0.0	0.0	0.0	0.0	0.0	0.0	0.0	0.0	0.0	0.0	0.0	0.0	0.0	0.0	0.0
k__Bacteria;p__Proteobacteria;c__Alphaproteobacteria;o__Rhizobiales;f__Aurantimonadaceae;g__;s__	0.0	0.0	0.0	0.0	0.0	0.0	0.0	0.0	0.0	0.0	0.0	0.0	0.0	0.0	0.0	0.0	0.0	0.0	0.0	0.0	0.0	0.0	1.0	0.0	0.0	0.0	0.0	0.0	0.0	0.0	0.0	0.0	0.0	0.0	0.0	0.0	0.0	0.0	0.0	0.0	0.0	0.0	0.0	0.0	0.0	0.0	0.0	0.0	0.0
k__Bacteria;p__Proteobacteria;c__Alphaproteobacteria;o__Rhizobiales;f__Bradyrhizobiaceae;g__;s__	0.0	0.0	0.0	0.0	1.0	0.0	0.0	0.0	0.0	0.0	0.0	0.0	0.0	0.0	0.0	0.0	0.0	0.0	0.0	0.0	0.0	0.0	0.0	0.0	0.0	0.0	0.0	0.0	0.0	0.0	0.0	0.0	0.0	0.0	0.0	0.0	0.0	0.0	0.0	0.0	0.0	0.0	0.0	0.0	0.0	0.0	0.0	0.0	0.0
k__Bacteria;p__Proteobacteria;c__Alphaproteobacteria;o__Rhizobiales;f__Bradyrhizobiaceae;g__Bradyrhizobium;s__elkanii	0.0	0.0	0.0	0.0	0.0	0.0	0.0	1.0	0.0	0.0	0.0	0.0	0.0	0.0	0.0	0.0	0.0	0.0	0.0	0.0	0.0	0.0	0.0	0.0	0.0	0.0	0.0	0.0	0.0	0.0	0.0	0.0	0.0	1.0	0.0	0.0	0.0	0.0	0.0	0.0	0.0	0.0	0.0	0.0	0.0	0.0	0.0	0.0	0.0
k__Bacteria;p__Proteobacteria;c__Alphaproteobacteria;o__Rhizobiales;f__Hyphomicrobiaceae;g__Devosia;s__	0.0	0.0	0.0	0.0	0.0	0.0	0.0	0.0	0.0	0.0	0.0	0.0	0.0	1.0	0.0	0.0	0.0	0.0	0.0	0.0	0.0	0.0	0.0	0.0	0.0	0.0	0.0	0.0	0.0	0.0	0.0	0.0	0.0	0.0	0.0	0.0	0.0	0.0	0.0	0.0	0.0	0.0	0.0	0.0	0.0	0.0	0.0	0.0	0.0
k__Bacteria;p__Proteobacteria;c__Alphaproteobacteria;o__Rhizobiales;f__Hyphomicrobiaceae;g__Rhodoplanes;s__	1.0	0.0	0.0	0.0	0.0	0.0	0.0	0.0	1.0	0.0	0.0	0.0	0.0	0.0	0.0	0.0	0.0	0.0	0.0	0.0	0.0	0.0	0.0	0.0	0.0	0.0	1.0	0.0	0.0	0.0	0.0	0.0	0.0	0.0	0.0	0.0	0.0	0.0	0.0	0.0	0.0	0.0	0.0	0.0	0.0	0.0	1.0	0.0	0.0
k__Bacteria;p__Proteobacteria;c__Alphaproteobacteria;o__Rhizobiales;f__Methylobacteriaceae;g__;s__	0.0	0.0	0.0	0.0	0.0	0.0	0.0	0.0	0.0	0.0	1.0	0.0	0.0	0.0	0.0	0.0	0.0	0.0	0.0	0.0	0.0	0.0	0.0	0.0	0.0	0.0	0.0	0.0	0.0	0.0	0.0	0.0	0.0	0.0	0.0	0.0	0.0	0.0	0.0	0.0	0.0	0.0	0.0	0.0	0.0	0.0	0.0	0.0	0.0
k__Bacteria;p__Proteobacteria;c__Alphaproteobacteria;o__Rhizobiales;f__Methylobacteriaceae;g__Methylobacterium;s__	0.0	0.0	0.0	0.0	0.0	0.0	0.0	0.0	0.0	0.0	0.0	0.0	0.0	0.0	0.0	0.0	0.0	0.0	0.0	0.0	0.0	0.0	0.0	0.0	0.0	0.0	0.0	1.0	0.0	0.0	0.0	0.0	0.0	0.0	0.0	0.0	0.0	0.0	0.0	0.0	0.0	2.0	0.0	0.0	0.0	0.0	0.0	0.0	0.0
k__Bacteria;p__Proteobacteria;c__Alphaproteobacteria;o__Rhizobiales;f__Rhizobiaceae;g__;s__	2.0	0.0	0.0	0.0	0.0	0.0	0.0	0.0	0.0	0.0	0.0	0.0	0.0	0.0	0.0	0.0	0.0	0.0	0.0	0.0	0.0	0.0	0.0	0.0	0.0	0.0	0.0	0.0	0.0	0.0	0.0	0.0	0.0	0.0	0.0	0.0	0.0	0.0	0.0	0.0	0.0	0.0	0.0	0.0	0.0	0.0	0.0	0.0	0.0
k__Bacteria;p__Proteobacteria;c__Alphaproteobacteria;o__Rhizobiales;f__Rhizobiaceae;g__Agrobacterium;s__	0.0	0.0	0.0	0.0	0.0	0.0	0.0	0.0	0.0	0.0	0.0	0.0	0.0	0.0	0.0	0.0	0.0	3.0	0.0	0.0	0.0	0.0	0.0	0.0	0.0	0.0	0.0	0.0	0.0	2.0	0.0	0.0	0.0	0.0	0.0	0.0	0.0	0.0	0.0	0.0	0.0	0.0	0.0	0.0	0.0	2.0	0.0	0.0	0.0
k__Bacteria;p__Proteobacteria;c__Alphaproteobacteria;o__Rhizobiales;f__Rhizobiaceae;g__Rhizobium;s__	0.0	0.0	0.0	0.0	0.0	0.0	0.0	0.0	0.0	0.0	0.0	0.0	0.0	0.0	0.0	0.0	0.0	0.0	0.0	0.0	0.0	0.0	0.0	0.0	0.0	0.0	0.0	0.0	0.0	1.0	0.0	0.0	0.0	0.0	0.0	0.0	0.0	0.0	0.0	0.0	0.0	0.0	0.0	0.0	0.0	0.0	1.0	0.0	0.0
k__Bacteria;p__Proteobacteria;c__Alphaproteobacteria;o__Rhizobiales;f__Xanthobacteraceae;g__Labrys;s__	0.0	0.0	0.0	0.0	0.0	0.0	0.0	0.0	0.0	0.0	0.0	0.0	0.0	0.0	0.0	0.0	0.0	0.0	0.0	0.0	0.0	2.0	0.0	0.0	0.0	0.0	0.0	0.0	0.0	0.0	0.0	0.0	0.0	1.0	0.0	0.0	0.0	0.0	0.0	0.0	0.0	0.0	0.0	0.0	0.0	0.0	0.0	0.0	0.0
k__Bacteria;p__Proteobacteria;c__Alphaproteobacteria;o__Rhodospirillales;f__Rhodospirillaceae;g__;s__	0.0	0.0	0.0	0.0	0.0	0.0	0.0	0.0	0.0	0.0	0.0	0.0	1.0	0.0	0.0	0.0	0.0	0.0	0.0	0.0	0.0	0.0	0.0	0.0	0.0	0.0	0.0	0.0	0.0	0.0	0.0	0.0	0.0	0.0	0.0	0.0	0.0	0.0	0.0	0.0	0.0	0.0	0.0	0.0	0.0	0.0	1.0	0.0	0.0
k__Bacteria;p__Proteobacteria;c__Alphaproteobacteria;o__Rickettsiales;f__;g__;s__	154.0	28.0	22.0	53.0	57.0	14.0	32.0	32.0	109.0	208.0	7.0	147.0	21.0	46.0	3.0	40.0	4.0	24.0	98.0	34.0	51.0	15.0	12.0	35.0	149.0	38.0	117.0	63.0	120.0	28.0	37.0	71.0	64.0	22.0	33.0	70.0	59.0	19.0	66.0	205.0	16.0	10.0	111.0	101.0	17.0	23.0	16.0	26.0	11.0
k__Bacteria;p__Proteobacteria;c__Alphaproteobacteria;o__Rickettsiales;f__Rickettsiaceae;g__Wolbachia;s__Wolbachia endosymbiont of Chorthippus parallelus	5.0	0.0	0.0	0.0	0.0	0.0	0.0	1.0	0.0	1.0	0.0	0.0	0.0	0.0	12.0	2.0	3.0	0.0	0.0	0.0	0.0	0.0	0.0	1.0	0.0	0.0	0.0	2.0	0.0	0.0	0.0	4.0	0.0	9.0	1.0	2.0	0.0	0.0	0.0	0.0	0.0	0.0	2.0	0.0	0.0	0.0	0.0	0.0	0.0
k__Bacteria;p__Proteobacteria;c__Alphaproteobacteria;o__Sphingomonadales;f__Sphingomonadaceae;g__;s__	0.0	0.0	0.0	0.0	0.0	0.0	0.0	0.0	0.0	0.0	0.0	0.0	0.0	0.0	0.0	0.0	0.0	0.0	0.0	0.0	0.0	0.0	0.0	0.0	0.0	0.0	0.0	0.0	0.0	0.0	0.0	0.0	0.0	1.0	0.0	0.0	0.0	0.0	0.0	0.0	0.0	0.0	0.0	0.0	0.0	0.0	0.0	0.0	0.0
k__Bacteria;p__Proteobacteria;c__Alphaproteobacteria;o__Sphingomonadales;f__Sphingomonadaceae;g__Kaistobacter;s__	0.0	0.0	0.0	0.0	0.0	0.0	0.0	1.0	0.0	0.0	0.0	0.0	0.0	0.0	0.0	0.0	0.0	0.0	0.0	0.0	0.0	0.0	0.0	0.0	0.0	0.0	0.0	0.0	0.0	0.0	0.0	0.0	0.0	0.0	0.0	0.0	0.0	0.0	0.0	0.0	0.0	0.0	0.0	0.0	0.0	0.0	0.0	0.0	0.0
k__Bacteria;p__Proteobacteria;c__Alphaproteobacteria;o__Sphingomonadales;f__Sphingomonadaceae;g__Sphingobium;s__	0.0	0.0	0.0	3.0	0.0	0.0	0.0	0.0	0.0	0.0	0.0	0.0	0.0	0.0	0.0	0.0	0.0	0.0	0.0	0.0	0.0	0.0	0.0	0.0	0.0	0.0	0.0	0.0	1.0	0.0	1.0	0.0	0.0	0.0	0.0	1.0	0.0	0.0	0.0	0.0	0.0	0.0	0.0	0.0	0.0	0.0	0.0	0.0	0.0
k__Bacteria;p__Proteobacteria;c__Betaproteobacteria;o__Burkholderiales;f__;g__;s__	0.0	0.0	0.0	0.0	0.0	0.0	2.0	0.0	0.0	0.0	0.0	0.0	0.0	0.0	0.0	0.0	0.0	1.0	0.0	0.0	0.0	2.0	0.0	0.0	0.0	0.0	0.0	0.0	0.0	0.0	0.0	0.0	0.0	0.0	0.0	0.0	0.0	0.0	0.0	0.0	0.0	0.0	0.0	0.0	1.0	0.0	0.0	0.0	0.0
k__Bacteria;p__Proteobacteria;c__Betaproteobacteria;o__Burkholderiales;f__Alcaligenaceae;g__Sutterella;s__	8.0	27.0	16.0	22.0	10.0	13.0	20.0	2.0	15.0	15.0	6.0	1.0	11.0	43.0	6.0	10.0	1.0	8.0	13.0	18.0	34.0	3.0	1.0	4.0	29.0	23.0	23.0	20.0	24.0	1.0	8.0	19.0	4.0	1.0	21.0	9.0	14.0	5.0	33.0	35.0	15.0	8.0	21.0	21.0	5.0	0.0	1.0	1.0	2.0
k__Bacteria;p__Proteobacteria;c__Betaproteobacteria;o__Burkholderiales;f__Comamonadaceae;g__;s__	3.0	0.0	0.0	0.0	1.0	0.0	0.0	1.0	0.0	0.0	0.0	1.0	0.0	0.0	0.0	0.0	1.0	1.0	0.0	0.0	0.0	0.0	0.0	0.0	0.0	0.0	0.0	0.0	1.0	0.0	0.0	0.0	0.0	1.0	1.0	2.0	0.0	0.0	0.0	0.0	0.0	0.0	0.0	0.0	0.0	1.0	3.0	0.0	1.0
k__Bacteria;p__Proteobacteria;c__Betaproteobacteria;o__Burkholderiales;f__Comamonadaceae;g__Comamonas;s__	3.0	0.0	0.0	0.0	0.0	0.0	0.0	0.0	0.0	0.0	0.0	0.0	0.0	0.0	0.0	0.0	0.0	0.0	0.0	0.0	0.0	0.0	0.0	0.0	0.0	0.0	0.0	0.0	0.0	0.0	0.0	0.0	0.0	0.0	2.0	0.0	0.0	0.0	0.0	0.0	0.0	0.0	0.0	0.0	0.0	0.0	0.0	0.0	0.0
k__Bacteria;p__Proteobacteria;c__Betaproteobacteria;o__Burkholderiales;f__Comamonadaceae;g__Limnohabitans;s__	0.0	0.0	0.0	0.0	0.0	0.0	0.0	0.0	0.0	0.0	0.0	0.0	0.0	0.0	0.0	0.0	2.0	2.0	0.0	0.0	0.0	3.0	0.0	0.0	3.0	0.0	0.0	0.0	0.0	0.0	0.0	0.0	0.0	0.0	0.0	0.0	0.0	0.0	0.0	0.0	1.0	0.0	0.0	0.0	3.0	1.0	5.0	0.0	0.0
k__Bacteria;p__Proteobacteria;c__Betaproteobacteria;o__Burkholderiales;f__Oxalobacteraceae;g__;s__	1.0	1.0	1.0	0.0	3.0	0.0	0.0	1.0	1.0	0.0	2.0	0.0	0.0	0.0	0.0	0.0	1.0	1.0	1.0	0.0	1.0	1.0	0.0	1.0	0.0	1.0	0.0	1.0	1.0	0.0	1.0	2.0	2.0	0.0	1.0	0.0	0.0	0.0	1.0	0.0	0.0	0.0	0.0	0.0	0.0	0.0	0.0	0.0	0.0
k__Bacteria;p__Proteobacteria;c__Betaproteobacteria;o__Burkholderiales;f__Oxalobacteraceae;g__Oxalobacter;s__formigenes	18.0	25.0	18.0	21.0	21.0	6.0	13.0	9.0	6.0	13.0	17.0	18.0	11.0	11.0	5.0	10.0	3.0	23.0	4.0	11.0	18.0	20.0	25.0	14.0	7.0	13.0	20.0	24.0	17.0	6.0	14.0	12.0	7.0	7.0	21.0	4.0	15.0	5.0	10.0	19.0	11.0	8.0	7.0	17.0	14.0	23.0	9.0	7.0	19.0
k__Bacteria;p__Proteobacteria;c__Betaproteobacteria;o__Rhodocyclales;f__Rhodocyclaceae;g__Dechloromonas;s__	0.0	0.0	1.0	0.0	0.0	0.0	0.0	1.0	0.0	0.0	0.0	0.0	0.0	0.0	0.0	0.0	0.0	0.0	0.0	0.0	0.0	3.0	2.0	0.0	1.0	0.0	0.0	0.0	0.0	0.0	0.0	0.0	0.0	2.0	0.0	0.0	0.0	0.0	0.0	0.0	0.0	0.0	0.0	0.0	0.0	4.0	2.0	0.0	0.0
k__Bacteria;p__Proteobacteria;c__Epsilonproteobacteria;o__Campylobacterales;f__Campylobacteraceae;g__Campylobacter;s__	0.0	8.0	8.0	4.0	1.0	0.0	36.0	102.0	15.0	9.0	27.0	0.0	28.0	30.0	1.0	36.0	1.0	6.0	27.0	21.0	19.0	4.0	2.0	11.0	103.0	59.0	89.0	13.0	49.0	5.0	40.0	19.0	42.0	13.0	44.0	23.0	16.0	30.0	33.0	49.0	9.0	15.0	7.0	70.0	31.0	5.0	0.0	5.0	0.0
k__Bacteria;p__Proteobacteria;c__Epsilonproteobacteria;o__Campylobacterales;f__Helicobacteraceae;g__Flexispira;s__	5.0	1.0	3.0	1.0	5.0	5.0	16.0	11.0	9.0	12.0	4.0	4.0	1.0	3.0	0.0	0.0	2.0	2.0	2.0	3.0	5.0	0.0	0.0	1.0	7.0	11.0	14.0	0.0	1.0	0.0	11.0	8.0	0.0	0.0	2.0	3.0	4.0	14.0	5.0	1.0	9.0	3.0	6.0	5.0	3.0	0.0	16.0	0.0	2.0
k__Bacteria;p__Proteobacteria;c__Epsilonproteobacteria;o__Campylobacterales;f__Helicobacteraceae;g__Flexispira;s__rappini	0.0	0.0	0.0	0.0	0.0	0.0	0.0	0.0	0.0	0.0	0.0	0.0	0.0	0.0	0.0	0.0	0.0	0.0	0.0	0.0	0.0	1.0	0.0	0.0	0.0	0.0	0.0	0.0	0.0	0.0	0.0	0.0	0.0	1.0	0.0	0.0	0.0	0.0	0.0	0.0	0.0	0.0	0.0	0.0	0.0	0.0	0.0	0.0	0.0
k__Bacteria;p__Proteobacteria;c__Gammaproteobacteria;o__Enterobacteriales;f__Enterobacteriaceae;g__;s__	16.0	0.0	0.0	0.0	0.0	0.0	0.0	0.0	0.0	0.0	0.0	0.0	0.0	1.0	3.0	0.0	0.0	3.0	0.0	0.0	0.0	5.0	4.0	0.0	1.0	0.0	0.0	0.0	0.0	0.0	0.0	0.0	0.0	0.0	1.0	0.0	0.0	0.0	0.0	2.0	0.0	0.0	0.0	0.0	0.0	0.0	0.0	0.0	0.0
k__Bacteria;p__Proteobacteria;c__Gammaproteobacteria;o__Enterobacteriales;f__Enterobacteriaceae;g__Erwinia;s__	0.0	0.0	0.0	0.0	0.0	0.0	1.0	0.0	0.0	0.0	0.0	0.0	0.0	0.0	0.0	0.0	0.0	0.0	0.0	0.0	0.0	0.0	0.0	0.0	0.0	0.0	0.0	1.0	0.0	0.0	0.0	0.0	0.0	0.0	0.0	0.0	0.0	0.0	0.0	0.0	0.0	0.0	0.0	0.0	0.0	0.0	0.0	0.0	0.0
k__Bacteria;p__Proteobacteria;c__Gammaproteobacteria;o__Pseudomonadales;f__Moraxellaceae;g__Acinetobacter;s__	33.0	0.0	0.0	0.0	0.0	0.0	0.0	0.0	0.0	0.0	17.0	4.0	0.0	0.0	0.0	0.0	0.0	0.0	0.0	0.0	0.0	0.0	0.0	2.0	0.0	0.0	0.0	0.0	1.0	1.0	0.0	0.0	0.0	0.0	2.0	0.0	0.0	0.0	0.0	0.0	0.0	0.0	0.0	0.0	0.0	0.0	0.0	0.0	0.0
k__Bacteria;p__Proteobacteria;c__Gammaproteobacteria;o__Pseudomonadales;f__Moraxellaceae;g__Acinetobacter;s__rhizosphaerae	0.0	0.0	0.0	0.0	0.0	0.0	0.0	0.0	0.0	0.0	0.0	0.0	0.0	0.0	0.0	0.0	0.0	0.0	0.0	0.0	0.0	0.0	0.0	0.0	0.0	0.0	0.0	0.0	3.0	0.0	0.0	0.0	0.0	0.0	0.0	0.0	0.0	0.0	0.0	0.0	2.0	0.0	0.0	0.0	3.0	0.0	0.0	0.0	0.0
k__Bacteria;p__Proteobacteria;c__Gammaproteobacteria;o__Pseudomonadales;f__Pseudomonadaceae;g__Pseudomonas;s__	5.0	0.0	3.0	9.0	0.0	0.0	4.0	0.0	0.0	0.0	3.0	0.0	1.0	8.0	2.0	4.0	3.0	6.0	3.0	5.0	2.0	3.0	3.0	6.0	13.0	5.0	2.0	0.0	6.0	4.0	5.0	0.0	0.0	7.0	8.0	7.0	0.0	6.0	3.0	2.0	6.0	0.0	2.0	3.0	6.0	7.0	3.0	1.0	0.0
k__Bacteria;p__Proteobacteria;c__Gammaproteobacteria;o__Xanthomonadales;f__Sinobacteraceae;g__;s__	0.0	0.0	0.0	0.0	1.0	0.0	0.0	0.0	0.0	0.0	0.0	0.0	0.0	0.0	0.0	0.0	0.0	0.0	0.0	0.0	0.0	0.0	0.0	0.0	0.0	0.0	0.0	0.0	0.0	0.0	0.0	0.0	0.0	0.0	0.0	0.0	0.0	0.0	0.0	0.0	0.0	0.0	0.0	0.0	0.0	0.0	0.0	0.0	0.0
k__Bacteria;p__Proteobacteria;c__Gammaproteobacteria;o__Xanthomonadales;f__Xanthomonadaceae;g__;s__	0.0	0.0	0.0	0.0	0.0	0.0	0.0	0.0	0.0	0.0	0.0	0.0	1.0	0.0	1.0	2.0	1.0	1.0	0.0	0.0	1.0	4.0	0.0	1.0	0.0	0.0	0.0	0.0	0.0	0.0	0.0	0.0	1.0	0.0	0.0	0.0	0.0	0.0	0.0	0.0	1.0	0.0	0.0	0.0	0.0	1.0	0.0	0.0	0.0
k__Bacteria;p__Proteobacteria;c__Gammaproteobacteria;o__Xanthomonadales;f__Xanthomonadaceae;g__Stenotrophomonas;s__	0.0	0.0	0.0	0.0	0.0	0.0	0.0	0.0	0.0	0.0	0.0	0.0	0.0	0.0	0.0	0.0	0.0	0.0	0.0	0.0	0.0	0.0	0.0	0.0	0.0	0.0	0.0	0.0	0.0	0.0	0.0	0.0	0.0	0.0	2.0	0.0	0.0	0.0	0.0	0.0	0.0	0.0	0.0	0.0	0.0	0.0	0.0	0.0	0.0
k__Bacteria;p__Spirochaetes;c__Spirochaetes;o__Spirochaetales;f__Spirochaetaceae;g__Treponema;s__	0.0	0.0	0.0	0.0	0.0	0.0	0.0	0.0	1.0	0.0	0.0	0.0	0.0	0.0	0.0	0.0	0.0	1.0	0.0	0.0	0.0	0.0	0.0	0.0	0.0	0.0	0.0	0.0	0.0	0.0	0.0	0.0	0.0	0.0	0.0	0.0	1.0	0.0	1.0	0.0	0.0	0.0	0.0	0.0	0.0	0.0	0.0	0.0	0.0
k__Bacteria;p__TM7;c__TM7-3;o__CW040;f__F16;g__;s__	0.0	0.0	0.0	0.0	0.0	0.0	0.0	0.0	0.0	0.0	0.0	0.0	0.0	0.0	0.0	0.0	0.0	0.0	0.0	0.0	0.0	0.0	1.0	1.0	0.0	0.0	0.0	0.0	0.0	1.0	0.0	0.0	0.0	0.0	0.0	0.0	0.0	0.0	0.0	0.0	0.0	0.0	0.0	0.0	0.0	0.0	0.0	0.0	0.0
k__Bacteria;p__Tenericutes;c__Mollicutes;o__Anaeroplasmatales;f__Anaeroplasmataceae;g__;s__	5.0	0.0	10.0	2.0	5.0	2.0	11.0	1.0	7.0	7.0	1.0	6.0	1.0	6.0	2.0	1.0	4.0	2.0	13.0	4.0	7.0	3.0	0.0	5.0	20.0	13.0	14.0	8.0	10.0	5.0	4.0	0.0	4.0	0.0	17.0	3.0	5.0	5.0	9.0	22.0	5.0	1.0	6.0	5.0	3.0	3.0	6.0	2.0	3.0
k__Bacteria;p__Tenericutes;c__Mollicutes;o__RF39;f__;g__;s__	540.0	2434.0	928.0	2265.0	1045.0	639.0	1440.0	1059.0	1518.0	1706.0	1652.0	221.0	1393.0	1616.0	2769.0	3565.0	5797.0	2209.0	206.0	3738.0	1163.0	1317.0	1817.0	1376.0	1905.0	923.0	17.0	1368.0	3025.0	2194.0	1399.0	1936.0	895.0	1172.0	918.0	1602.0	2465.0	1331.0	1237.0	1957.0	976.0	459.0	3327.0	1278.0	1253.0	1550.0	3168.0	2692.0	2515.0
k__Bacteria;p__Tenericutes;c__RF3;o__ML615J-28;f__;g__;s__	47.0	16.0	23.0	60.0	59.0	53.0	34.0	17.0	27.0	29.0	24.0	40.0	18.0	99.0	30.0	78.0	23.0	42.0	21.0	15.0	86.0	17.0	25.0	22.0	5.0	20.0	54.0	38.0	91.0	15.0	30.0	25.0	66.0	19.0	39.0	44.0	20.0	34.0	28.0	76.0	38.0	4.0	27.0	31.0	12.0	76.0	41.0	31.0	30.0
k__Bacteria;p__Verrucomicrobia;c__Opitutae;o__HA64;f__;g__;s__	0.0	0.0	0.0	0.0	0.0	0.0	0.0	1.0	0.0	0.0	0.0	0.0	0.0	3.0	0.0	0.0	0.0	0.0	0.0	0.0	0.0	0.0	0.0	0.0	0.0	0.0	3.0	0.0	0.0	0.0	0.0	0.0	0.0	0.0	0.0	0.0	0.0	0.0	0.0	1.0	0.0	0.0	10.0	0.0	1.0	0.0	0.0	0.0	0.0
k__Bacteria;p__Verrucomicrobia;c__Verrucomicrobiae;o__Verrucomicrobiales;f__Verrucomicrobiaceae;g__Akkermansia;s__	5.0	0.0	3.0	9.0	25.0	24.0	0.0	0.0	1.0	0.0	2.0	0.0	1.0	0.0	0.0	2.0	0.0	0.0	0.0	0.0	5.0	1.0	1.0	1.0	0.0	0.0	1.0	0.0	0.0	6.0	0.0	0.0	2.0	30.0	0.0	0.0	0.0	25.0	0.0	2.0	12.0	0.0	0.0	0.0	0.0	5.0	3.0	13.0	0.0
k__Bacteria;p__Verrucomicrobia;c__Verrucomicrobiae;o__Verrucomicrobiales;f__Verrucomicrobiaceae;g__Akkermansia;s__muciniphila	422.0	1.0	1543.0	680.0	1491.0	5107.0	1.0	7.0	8.0	0.0	107.0	0.0	32.0	1914.0	1081.0	282.0	2441.0	20.0	0.0	17.0	217.0	334.0	6.0	70.0	7.0	1.0	24.0	1.0	0.0	2633.0	0.0	2.0	4566.0	3432.0	1.0	6.0	0.0	823.0	1.0	41.0	2748.0	0.0	0.0	0.0	0.0	319.0	1752.0	566.0	672.0