# Constructed from biom file
#OTU ID	UNKGMB37	UNKGMB10	UNKGMB19	UNKGMB7	UNKGMB6	UNKGMB38	LSGMB16	UNKGMB5	UNKGMB24	UNKGMB26	LSGMB10	UNKGMB28	RSGMB3	LFGMB1	RSGMB4	UNKGMB36	RSGMB5	UNKGMB12	UNKGMB25	RSGMB6	UNKGMB30	UNKGMB14	UNKGMB13	UNKGMB8	UNKGMB21	LSGMB14	LSGMB11	UNKGMB34	UNKGMB20	RSGMB7	LSGMB15	UNKGMB27	UNKGMB29	RSGMB1	LSGMB13	LSGMB20	UNKGMB33	LSGMB1	LSGMB17	UNKGMB35	LSGMB19	UNKGMB18	UNKGMB23	UNKGMB17	UNKGMB22	UNKGMB4	UNKGMB15	UNKGMB9	UNKGMB11
k__Archaea;p__Euryarchaeota;c__Methanobacteria;o__Methanobacteriales;f__Methanobacteriaceae;g__Methanobrevibacter	0.0	0.0	0.0	0.0	1.0	0.0	0.0	0.0	0.0	0.0	0.0	0.0	0.0	0.0	0.0	0.0	0.0	0.0	0.0	1.0	0.0	0.0	0.0	0.0	0.0	0.0	1.0	0.0	0.0	0.0	0.0	0.0	0.0	1.0	0.0	0.0	0.0	5.0	0.0	0.0	0.0	0.0	0.0	0.0	0.0	0.0	0.0	0.0	0.0
k__Archaea;p__Euryarchaeota;c__Methanobacteria;o__Methanobacteriales;f__Methanobacteriaceae;g__Methanosphaera	0.0	0.0	0.0	0.0	0.0	0.0	0.0	0.0	0.0	0.0	0.0	0.0	0.0	0.0	0.0	1.0	0.0	0.0	0.0	0.0	0.0	0.0	0.0	0.0	0.0	0.0	0.0	0.0	0.0	0.0	0.0	0.0	0.0	0.0	0.0	0.0	0.0	0.0	0.0	0.0	0.0	0.0	0.0	0.0	0.0	0.0	0.0	0.0	0.0
k__Bacteria;p__Actinobacteria;c__Actinobacteria;o__Actinomycetales;f__Microbacteriaceae;g__Curtobacterium	0.0	0.0	0.0	0.0	0.0	0.0	0.0	0.0	0.0	0.0	0.0	0.0	0.0	0.0	0.0	0.0	0.0	0.0	0.0	0.0	0.0	1.0	0.0	0.0	0.0	0.0	0.0	0.0	0.0	0.0	0.0	0.0	0.0	0.0	0.0	0.0	0.0	0.0	0.0	0.0	0.0	0.0	0.0	0.0	0.0	0.0	2.0	0.0	0.0
k__Bacteria;p__Actinobacteria;c__Actinobacteria;o__Actinomycetales;f__Nocardioidaceae;g__	0.0	0.0	0.0	0.0	0.0	0.0	0.0	0.0	0.0	0.0	0.0	0.0	1.0	0.0	0.0	0.0	0.0	0.0	0.0	0.0	0.0	0.0	0.0	0.0	0.0	0.0	0.0	0.0	0.0	0.0	0.0	0.0	0.0	0.0	0.0	0.0	0.0	0.0	0.0	0.0	0.0	0.0	0.0	0.0	0.0	0.0	0.0	0.0	0.0
k__Bacteria;p__Actinobacteria;c__Actinobacteria;o__Bifidobacteriales;f__Bifidobacteriaceae;g__Bifidobacterium	0.0	0.0	0.0	0.0	0.0	0.0	0.0	0.0	0.0	0.0	0.0	0.0	0.0	0.0	0.0	0.0	0.0	0.0	1.0	0.0	0.0	0.0	1.0	0.0	0.0	0.0	0.0	0.0	0.0	0.0	0.0	0.0	0.0	0.0	0.0	0.0	0.0	0.0	0.0	0.0	0.0	0.0	0.0	0.0	0.0	0.0	0.0	0.0	0.0
k__Bacteria;p__Actinobacteria;c__Coriobacteriia;o__Coriobacteriales;f__Coriobacteriaceae;g__	170.0	630.0	579.0	343.0	251.0	195.0	314.0	811.0	69.0	75.0	479.0	126.0	379.0	475.0	352.0	130.0	421.0	1287.0	102.0	82.0	476.0	2112.0	1447.0	514.0	110.0	221.0	91.0	181.0	196.0	59.0	255.0	135.0	55.0	389.0	1770.0	385.0	216.0	273.0	242.0	113.0	251.0	2340.0	191.0	540.0	478.0	668.0	597.0	75.0	360.0
k__Bacteria;p__Actinobacteria;c__Coriobacteriia;o__Coriobacteriales;f__Coriobacteriaceae;g__Adlercreutzia	100.0	152.0	139.0	216.0	277.0	175.0	139.0	94.0	34.0	73.0	110.0	61.0	122.0	143.0	164.0	62.0	93.0	428.0	134.0	88.0	46.0	135.0	448.0	190.0	65.0	172.0	76.0	77.0	62.0	93.0	117.0	66.0	65.0	105.0	446.0	73.0	51.0	232.0	194.0	57.0	131.0	100.0	72.0	142.0	133.0	174.0	181.0	154.0	131.0
k__Bacteria;p__Actinobacteria;c__Coriobacteriia;o__Coriobacteriales;f__Coriobacteriaceae;g__Atopobium	16.0	59.0	38.0	32.0	15.0	12.0	16.0	99.0	5.0	7.0	46.0	9.0	40.0	45.0	64.0	7.0	149.0	195.0	11.0	7.0	24.0	390.0	260.0	28.0	9.0	11.0	6.0	10.0	20.0	11.0	8.0	5.0	2.0	94.0	203.0	92.0	22.0	22.0	9.0	10.0	33.0	127.0	6.0	23.0	24.0	58.0	70.0	6.0	29.0
k__Bacteria;p__Actinobacteria;c__Coriobacteriia;o__Coriobacteriales;f__Coriobacteriaceae;g__Collinsella	0.0	0.0	0.0	0.0	0.0	0.0	0.0	0.0	0.0	0.0	0.0	0.0	0.0	0.0	0.0	0.0	0.0	0.0	0.0	0.0	0.0	0.0	0.0	0.0	0.0	0.0	0.0	0.0	0.0	0.0	0.0	0.0	0.0	0.0	1.0	0.0	0.0	0.0	0.0	0.0	0.0	0.0	0.0	0.0	0.0	0.0	0.0	0.0	0.0
k__Bacteria;p__Actinobacteria;c__Thermoleophilia;o__Solirubrobacterales;f__Patulibacteraceae;g__	0.0	0.0	0.0	0.0	0.0	0.0	0.0	0.0	0.0	0.0	0.0	0.0	0.0	0.0	0.0	0.0	0.0	0.0	0.0	0.0	0.0	0.0	0.0	0.0	0.0	0.0	0.0	0.0	0.0	0.0	0.0	0.0	0.0	0.0	0.0	0.0	0.0	0.0	0.0	0.0	0.0	0.0	0.0	0.0	0.0	0.0	1.0	0.0	0.0
k__Bacteria;p__Actinobacteria;c__Thermoleophilia;o__Solirubrobacterales;f__Solirubrobacteraceae;g__Solirubrobacter	0.0	0.0	0.0	0.0	0.0	0.0	0.0	0.0	0.0	0.0	0.0	0.0	1.0	0.0	0.0	0.0	0.0	0.0	0.0	0.0	0.0	0.0	0.0	0.0	0.0	0.0	0.0	0.0	0.0	0.0	0.0	0.0	0.0	0.0	0.0	0.0	0.0	0.0	0.0	0.0	0.0	0.0	0.0	0.0	0.0	0.0	0.0	0.0	0.0
k__Bacteria;p__Bacteroidetes;c__Bacteroidia;o__Bacteroidales;f__;g__	0.0	0.0	0.0	0.0	0.0	0.0	0.0	0.0	0.0	0.0	0.0	0.0	1.0	0.0	0.0	0.0	0.0	0.0	0.0	0.0	0.0	0.0	0.0	0.0	0.0	0.0	0.0	0.0	0.0	0.0	0.0	0.0	0.0	0.0	0.0	0.0	2.0	0.0	0.0	0.0	0.0	0.0	0.0	0.0	0.0	0.0	0.0	0.0	1.0
k__Bacteria;p__Bacteroidetes;c__Bacteroidia;o__Bacteroidales;f__BS11;g__	0.0	0.0	0.0	0.0	0.0	0.0	0.0	0.0	0.0	0.0	0.0	0.0	0.0	0.0	1.0	0.0	1.0	0.0	1.0	0.0	0.0	0.0	1.0	0.0	0.0	0.0	0.0	0.0	0.0	1.0	0.0	0.0	0.0	0.0	0.0	0.0	0.0	0.0	0.0	0.0	0.0	0.0	0.0	0.0	1.0	0.0	0.0	0.0	0.0
k__Bacteria;p__Bacteroidetes;c__Bacteroidia;o__Bacteroidales;f__Bacteroidaceae;g__Bacteroides	0.0	0.0	13.0	0.0	0.0	0.0	0.0	1.0	0.0	1.0	1.0	0.0	0.0	0.0	0.0	0.0	1.0	0.0	0.0	0.0	0.0	6.0	0.0	0.0	0.0	0.0	0.0	0.0	0.0	0.0	0.0	1.0	6.0	1.0	0.0	0.0	0.0	0.0	0.0	0.0	0.0	0.0	6.0	13.0	1.0	1.0	0.0	0.0	0.0
k__Bacteria;p__Bacteroidetes;c__Bacteroidia;o__Bacteroidales;f__Porphyromonadaceae;g__Dysgonomonas	0.0	1.0	0.0	0.0	0.0	0.0	0.0	0.0	0.0	0.0	0.0	0.0	0.0	0.0	3.0	0.0	1.0	0.0	0.0	0.0	0.0	0.0	0.0	5.0	0.0	0.0	0.0	3.0	0.0	0.0	0.0	0.0	0.0	0.0	0.0	2.0	0.0	1.0	0.0	0.0	0.0	0.0	0.0	0.0	0.0	0.0	0.0	0.0	0.0
k__Bacteria;p__Bacteroidetes;c__Bacteroidia;o__Bacteroidales;f__Rikenellaceae;g__	14.0	8.0	1.0	9.0	2.0	6.0	2.0	2.0	1.0	2.0	7.0	0.0	1.0	6.0	17.0	23.0	12.0	0.0	0.0	15.0	7.0	0.0	2.0	6.0	10.0	1.0	6.0	3.0	5.0	0.0	1.0	4.0	0.0	6.0	2.0	3.0	2.0	32.0	3.0	7.0	20.0	0.0	2.0	0.0	14.0	11.0	6.0	5.0	4.0
k__Bacteria;p__Bacteroidetes;c__Bacteroidia;o__Bacteroidales;f__Rikenellaceae;g__Alistipes	5.0	0.0	29.0	7.0	0.0	10.0	20.0	0.0	0.0	0.0	9.0	0.0	10.0	0.0	5.0	7.0	5.0	16.0	0.0	4.0	12.0	0.0	3.0	8.0	6.0	15.0	3.0	13.0	0.0	0.0	14.0	52.0	0.0	11.0	13.0	11.0	9.0	4.0	17.0	13.0	19.0	3.0	30.0	18.0	22.0	0.0	13.0	3.0	10.0
k__Bacteria;p__Bacteroidetes;c__Bacteroidia;o__Bacteroidales;f__S24-7;g__	420.0	225.0	1006.0	316.0	358.0	820.0	960.0	117.0	3199.0	1038.0	296.0	1637.0	335.0	255.0	45.0	939.0	113.0	353.0	1161.0	218.0	1107.0	524.0	134.0	213.0	2833.0	1182.0	1598.0	273.0	1886.0	148.0	889.0	359.0	728.0	134.0	690.0	257.0	1011.0	668.0	961.0	514.0	447.0	543.0	728.0	745.0	1968.0	80.0	363.0	158.0	167.0
k__Bacteria;p__Bacteroidetes;c__Flavobacteriia;o__Flavobacteriales;f__[Weeksellaceae];g__Cloacibacterium	0.0	0.0	1.0	1.0	0.0	0.0	1.0	2.0	0.0	0.0	2.0	1.0	0.0	2.0	0.0	0.0	1.0	0.0	0.0	1.0	0.0	5.0	0.0	3.0	4.0	0.0	0.0	0.0	0.0	0.0	0.0	1.0	0.0	0.0	0.0	0.0	0.0	0.0	0.0	0.0	1.0	0.0	0.0	0.0	4.0	4.0	1.0	1.0	0.0
k__Bacteria;p__Cyanobacteria;c__4C0d-2;o__YS2;f__;g__	25.0	2.0	33.0	48.0	22.0	14.0	21.0	36.0	2.0	10.0	44.0	33.0	44.0	22.0	37.0	3.0	25.0	37.0	5.0	21.0	48.0	66.0	23.0	51.0	7.0	11.0	2.0	9.0	41.0	10.0	14.0	113.0	37.0	42.0	28.0	17.0	12.0	11.0	23.0	116.0	25.0	9.0	64.0	47.0	33.0	48.0	20.0	6.0	14.0
k__Bacteria;p__Firmicutes;c__Bacilli;o__Bacillales;f__Bacillaceae;g__	3.0	0.0	0.0	0.0	0.0	0.0	0.0	0.0	0.0	0.0	22.0	1.0	0.0	0.0	0.0	0.0	0.0	0.0	0.0	0.0	0.0	0.0	0.0	0.0	0.0	0.0	0.0	0.0	0.0	1.0	0.0	0.0	0.0	0.0	0.0	0.0	0.0	0.0	0.0	0.0	0.0	0.0	0.0	0.0	0.0	0.0	0.0	0.0	0.0
k__Bacteria;p__Firmicutes;c__Bacilli;o__Bacillales;f__Bacillaceae;g__Bacillus	0.0	0.0	0.0	1.0	0.0	0.0	0.0	2.0	0.0	0.0	1.0	0.0	0.0	0.0	0.0	1.0	1.0	0.0	1.0	0.0	0.0	1.0	0.0	0.0	0.0	1.0	0.0	0.0	0.0	0.0	2.0	0.0	0.0	0.0	0.0	0.0	0.0	0.0	0.0	0.0	1.0	0.0	0.0	0.0	0.0	0.0	0.0	0.0	0.0
k__Bacteria;p__Firmicutes;c__Bacilli;o__Bacillales;f__Planococcaceae;g__Kurthia	18.0	0.0	0.0	0.0	0.0	0.0	0.0	0.0	0.0	0.0	1750.0	11.0	1.0	0.0	0.0	0.0	0.0	0.0	2.0	0.0	0.0	2.0	0.0	3.0	0.0	0.0	0.0	0.0	0.0	19.0	0.0	0.0	0.0	0.0	2.0	0.0	0.0	0.0	1.0	0.0	0.0	0.0	0.0	0.0	0.0	0.0	0.0	1.0	0.0
k__Bacteria;p__Firmicutes;c__Bacilli;o__Bacillales;f__Planococcaceae;g__Solibacillus	6.0	0.0	0.0	0.0	0.0	0.0	0.0	0.0	0.0	0.0	0.0	0.0	0.0	0.0	0.0	0.0	0.0	0.0	0.0	0.0	0.0	0.0	0.0	0.0	0.0	0.0	0.0	0.0	0.0	0.0	0.0	0.0	0.0	0.0	0.0	0.0	0.0	0.0	0.0	0.0	0.0	0.0	0.0	0.0	0.0	0.0	0.0	0.0	0.0
k__Bacteria;p__Firmicutes;c__Bacilli;o__Bacillales;f__Planococcaceae;g__Viridibacillus	0.0	0.0	0.0	0.0	0.0	0.0	0.0	0.0	0.0	0.0	1.0	0.0	0.0	0.0	0.0	0.0	0.0	0.0	0.0	0.0	0.0	0.0	0.0	0.0	0.0	0.0	0.0	0.0	0.0	0.0	0.0	0.0	0.0	0.0	0.0	0.0	0.0	0.0	0.0	0.0	0.0	0.0	0.0	0.0	0.0	0.0	0.0	0.0	0.0
k__Bacteria;p__Firmicutes;c__Bacilli;o__Bacillales;f__Staphylococcaceae;g__Staphylococcus	0.0	0.0	0.0	0.0	0.0	0.0	0.0	0.0	0.0	0.0	0.0	0.0	0.0	0.0	0.0	0.0	0.0	0.0	0.0	0.0	0.0	0.0	0.0	0.0	0.0	0.0	0.0	0.0	0.0	0.0	0.0	0.0	0.0	0.0	0.0	0.0	0.0	0.0	0.0	0.0	0.0	0.0	0.0	0.0	0.0	1.0	0.0	0.0	0.0
k__Bacteria;p__Firmicutes;c__Bacilli;o__Lactobacillales;f__Enterococcaceae;g__Enterococcus	5.0	0.0	0.0	0.0	0.0	0.0	0.0	1.0	0.0	0.0	2276.0	3.0	1.0	0.0	0.0	0.0	1.0	2.0	0.0	0.0	0.0	0.0	0.0	0.0	0.0	0.0	0.0	0.0	0.0	0.0	0.0	0.0	0.0	1.0	3.0	0.0	0.0	0.0	0.0	0.0	0.0	0.0	0.0	0.0	0.0	0.0	1.0	2.0	0.0
k__Bacteria;p__Firmicutes;c__Bacilli;o__Lactobacillales;f__Leuconostocaceae;g__	1.0	0.0	0.0	0.0	0.0	0.0	0.0	0.0	0.0	0.0	0.0	0.0	0.0	0.0	0.0	0.0	0.0	0.0	0.0	0.0	0.0	0.0	0.0	0.0	0.0	0.0	0.0	0.0	0.0	0.0	0.0	0.0	0.0	0.0	0.0	0.0	0.0	0.0	0.0	0.0	0.0	0.0	0.0	0.0	0.0	0.0	0.0	0.0	0.0
k__Bacteria;p__Firmicutes;c__Bacilli;o__Lactobacillales;f__Streptococcaceae;g__Lactococcus	12.0	0.0	0.0	0.0	0.0	0.0	0.0	0.0	0.0	0.0	73.0	0.0	0.0	0.0	0.0	0.0	0.0	0.0	0.0	0.0	0.0	0.0	0.0	0.0	0.0	0.0	0.0	0.0	0.0	0.0	0.0	0.0	0.0	0.0	1.0	0.0	0.0	0.0	0.0	0.0	0.0	0.0	0.0	0.0	0.0	0.0	0.0	0.0	0.0
k__Bacteria;p__Firmicutes;c__Bacilli;o__Lactobacillales;f__Streptococcaceae;g__Streptococcus	1.0	0.0	2.0	0.0	0.0	0.0	0.0	0.0	0.0	0.0	0.0	0.0	1.0	2.0	0.0	0.0	1.0	0.0	0.0	1.0	1.0	1.0	0.0	1.0	0.0	0.0	0.0	0.0	0.0	2.0	1.0	0.0	0.0	0.0	1.0	0.0	0.0	0.0	0.0	0.0	0.0	3.0	1.0	0.0	2.0	2.0	1.0	0.0	0.0
k__Bacteria;p__Firmicutes;c__Clostridia;o__Clostridiales;f__;g__	11062.0	12422.0	9889.0	14030.0	12729.0	11771.0	12275.0	14990.0	7991.0	8141.0	15302.0	8424.0	11515.0	13039.0	16778.0	11682.0	15573.0	17665.0	10542.0	12702.0	9757.0	11473.0	14932.0	17152.0	9014.0	9529.0	8844.0	9582.0	8150.0	15102.0	9544.0	12469.0	6953.0	14541.0	11743.0	10605.0	11480.0	10278.0	11693.0	14411.0	7680.0	10462.0	8525.0	13940.0	11893.0	14491.0	14841.0	13423.0	11249.0
k__Bacteria;p__Firmicutes;c__Clostridia;o__Clostridiales;f__Christensenellaceae;g__	117.0	105.0	154.0	350.0	80.0	365.0	93.0	59.0	48.0	69.0	118.0	46.0	122.0	679.0	52.0	107.0	85.0	202.0	55.0	243.0	191.0	195.0	186.0	943.0	91.0	80.0	22.0	98.0	326.0	749.0	65.0	632.0	199.0	832.0	94.0	238.0	92.0	53.0	119.0	156.0	101.0	71.0	117.0	104.0	208.0	165.0	403.0	226.0	300.0
k__Bacteria;p__Firmicutes;c__Clostridia;o__Clostridiales;f__Clostridiaceae;g__	84.0	130.0	49.0	63.0	74.0	33.0	203.0	137.0	118.0	48.0	77.0	238.0	946.0	39.0	38.0	73.0	32.0	285.0	421.0	131.0	321.0	302.0	302.0	77.0	231.0	252.0	309.0	70.0	181.0	35.0	165.0	145.0	105.0	121.0	272.0	79.0	111.0	41.0	205.0	52.0	59.0	320.0	77.0	562.0	168.0	46.0	30.0	68.0	36.0
k__Bacteria;p__Firmicutes;c__Clostridia;o__Clostridiales;f__Clostridiaceae;g__Clostridium	1897.0	1650.0	1745.0	2680.0	1319.0	1587.0	2397.0	1414.0	1067.0	1057.0	1343.0	1681.0	1562.0	2693.0	1877.0	1101.0	1883.0	2252.0	2207.0	1136.0	1626.0	1551.0	1970.0	1558.0	1394.0	1921.0	2212.0	1505.0	1311.0	1141.0	2047.0	1135.0	1491.0	1366.0	1773.0	1206.0	1731.0	2399.0	2119.0	1498.0	2933.0	1521.0	899.0	1213.0	1871.0	2018.0	1263.0	991.0	992.0
k__Bacteria;p__Firmicutes;c__Clostridia;o__Clostridiales;f__Clostridiaceae;g__SMB53	0.0	0.0	0.0	0.0	0.0	0.0	0.0	0.0	0.0	0.0	0.0	0.0	0.0	0.0	0.0	0.0	0.0	21.0	0.0	0.0	0.0	0.0	15.0	0.0	0.0	0.0	0.0	0.0	0.0	1.0	0.0	0.0	0.0	0.0	0.0	0.0	0.0	1.0	0.0	0.0	0.0	0.0	0.0	16.0	0.0	0.0	0.0	0.0	0.0
k__Bacteria;p__Firmicutes;c__Clostridia;o__Clostridiales;f__Dehalobacteriaceae;g__	2.0	0.0	15.0	22.0	34.0	6.0	30.0	0.0	0.0	0.0	8.0	0.0	109.0	7.0	25.0	3.0	20.0	8.0	0.0	30.0	1.0	12.0	11.0	9.0	0.0	22.0	0.0	4.0	0.0	89.0	21.0	29.0	0.0	211.0	9.0	24.0	0.0	0.0	23.0	26.0	29.0	0.0	4.0	2.0	0.0	17.0	14.0	6.0	2.0
k__Bacteria;p__Firmicutes;c__Clostridia;o__Clostridiales;f__Dehalobacteriaceae;g__Dehalobacterium	107.0	42.0	82.0	48.0	98.0	36.0	93.0	23.0	85.0	36.0	15.0	68.0	61.0	27.0	29.0	106.0	32.0	35.0	105.0	45.0	91.0	57.0	34.0	44.0	102.0	87.0	46.0	78.0	55.0	18.0	91.0	138.0	39.0	17.0	90.0	36.0	32.0	78.0	72.0	65.0	24.0	87.0	40.0	98.0	86.0	32.0	32.0	47.0	23.0
k__Bacteria;p__Firmicutes;c__Clostridia;o__Clostridiales;f__Eubacteriaceae;g__Anaerofustis	3.0	0.0	2.0	7.0	6.0	13.0	1.0	1.0	0.0	3.0	7.0	0.0	4.0	1.0	9.0	0.0	9.0	22.0	0.0	3.0	3.0	40.0	29.0	5.0	0.0	0.0	0.0	5.0	1.0	7.0	3.0	2.0	4.0	12.0	6.0	7.0	0.0	7.0	1.0	1.0	2.0	0.0	0.0	3.0	0.0	4.0	11.0	1.0	5.0
k__Bacteria;p__Firmicutes;c__Clostridia;o__Clostridiales;f__Eubacteriaceae;g__Pseudoramibacter_Eubacterium	8.0	26.0	29.0	23.0	9.0	5.0	11.0	85.0	8.0	5.0	16.0	3.0	43.0	11.0	18.0	6.0	9.0	40.0	8.0	7.0	24.0	36.0	51.0	13.0	2.0	1.0	7.0	14.0	9.0	8.0	18.0	9.0	7.0	38.0	71.0	9.0	10.0	3.0	10.0	1.0	21.0	46.0	6.0	30.0	21.0	55.0	22.0	5.0	10.0
k__Bacteria;p__Firmicutes;c__Clostridia;o__Clostridiales;f__Lachnospiraceae;g__	5192.0	2544.0	2167.0	1974.0	5419.0	1748.0	3770.0	9879.0	2948.0	1481.0	3290.0	5099.0	5797.0	2010.0	3456.0	2380.0	1989.0	2846.0	6444.0	3683.0	3763.0	2685.0	2310.0	3646.0	4016.0	3226.0	9400.0	3317.0	2508.0	2370.0	2800.0	1627.0	2666.0	2270.0	4162.0	2224.0	2491.0	2531.0	3663.0	2972.0	2770.0	6071.0	1664.0	5436.0	3203.0	3063.0	2035.0	1839.0	1863.0
k__Bacteria;p__Firmicutes;c__Clostridia;o__Clostridiales;f__Lachnospiraceae;g__Anaerostipes	36.0	28.0	2.0	24.0	50.0	9.0	28.0	42.0	60.0	56.0	12.0	79.0	65.0	1.0	22.0	7.0	1.0	36.0	193.0	20.0	33.0	15.0	26.0	16.0	75.0	54.0	78.0	89.0	23.0	6.0	27.0	17.0	20.0	21.0	49.0	13.0	26.0	18.0	53.0	43.0	16.0	14.0	38.0	0.0	8.0	30.0	11.0	56.0	6.0
k__Bacteria;p__Firmicutes;c__Clostridia;o__Clostridiales;f__Lachnospiraceae;g__Blautia	1653.0	1359.0	1023.0	2075.0	2287.0	1620.0	1042.0	5456.0	615.0	1104.0	1953.0	1273.0	1594.0	1302.0	2016.0	616.0	1088.0	1921.0	1611.0	1437.0	949.0	1099.0	1953.0	2706.0	1026.0	986.0	1279.0	969.0	552.0	1504.0	1022.0	665.0	566.0	1771.0	1709.0	519.0	787.0	892.0	1415.0	1444.0	1213.0	1027.0	737.0	1588.0	740.0	2046.0	1178.0	1564.0	937.0
k__Bacteria;p__Firmicutes;c__Clostridia;o__Clostridiales;f__Lachnospiraceae;g__Butyrivibrio	75.0	234.0	201.0	163.0	161.0	22.0	106.0	1342.0	40.0	62.0	259.0	93.0	269.0	266.0	256.0	83.0	345.0	383.0	104.0	40.0	174.0	529.0	439.0	97.0	43.0	56.0	57.0	84.0	41.0	18.0	100.0	50.0	25.0	259.0	470.0	162.0	124.0	100.0	80.0	110.0	156.0	532.0	58.0	183.0	88.0	297.0	184.0	34.0	144.0
k__Bacteria;p__Firmicutes;c__Clostridia;o__Clostridiales;f__Lachnospiraceae;g__Coprococcus	2339.0	1933.0	712.0	1022.0	1917.0	1431.0	1960.0	2527.0	1155.0	772.0	1439.0	1491.0	1976.0	715.0	965.0	1051.0	629.0	1228.0	2419.0	968.0	1218.0	969.0	987.0	1367.0	1431.0	1326.0	1489.0	802.0	1308.0	775.0	1413.0	745.0	1188.0	584.0	1372.0	1112.0	1052.0	1016.0	1665.0	858.0	1263.0	1382.0	598.0	2061.0	1203.0	1273.0	1135.0	942.0	976.0
k__Bacteria;p__Firmicutes;c__Clostridia;o__Clostridiales;f__Lachnospiraceae;g__Dorea	2743.0	2930.0	1603.0	3640.0	2936.0	1348.0	2652.0	6575.0	2028.0	1920.0	3807.0	2954.0	6513.0	1921.0	2162.0	2644.0	974.0	2350.0	5520.0	2975.0	2953.0	1946.0	1676.0	1510.0	3632.0	2873.0	3518.0	1344.0	1888.0	879.0	2164.0	2046.0	1734.0	2312.0	3363.0	1937.0	2385.0	2496.0	3880.0	2111.0	2398.0	3074.0	1698.0	4828.0	2325.0	3627.0	1171.0	2733.0	1311.0
k__Bacteria;p__Firmicutes;c__Clostridia;o__Clostridiales;f__Lachnospiraceae;g__Lachnobacterium	7.0	1.0	3.0	0.0	1.0	3.0	5.0	8.0	0.0	0.0	3.0	0.0	1.0	1.0	2.0	0.0	1.0	0.0	3.0	2.0	1.0	1.0	0.0	1.0	0.0	0.0	3.0	2.0	1.0	2.0	1.0	2.0	1.0	1.0	2.0	1.0	2.0	2.0	1.0	3.0	0.0	22.0	0.0	2.0	2.0	0.0	2.0	1.0	1.0
k__Bacteria;p__Firmicutes;c__Clostridia;o__Clostridiales;f__Lachnospiraceae;g__Lachnospira	92.0	2.0	0.0	55.0	59.0	1.0	4.0	75.0	0.0	0.0	37.0	14.0	2.0	0.0	0.0	0.0	3.0	2.0	0.0	0.0	10.0	6.0	7.0	6.0	29.0	4.0	38.0	1.0	1.0	2.0	0.0	0.0	0.0	0.0	56.0	0.0	0.0	12.0	0.0	17.0	2.0	18.0	6.0	14.0	7.0	2.0	7.0	2.0	10.0
k__Bacteria;p__Firmicutes;c__Clostridia;o__Clostridiales;f__Lachnospiraceae;g__Marvinbryantia	0.0	0.0	0.0	0.0	0.0	0.0	0.0	5.0	0.0	0.0	1.0	0.0	0.0	1.0	1.0	0.0	0.0	0.0	0.0	0.0	0.0	0.0	0.0	0.0	3.0	0.0	0.0	1.0	0.0	0.0	0.0	0.0	0.0	1.0	3.0	1.0	1.0	1.0	1.0	1.0	0.0	1.0	0.0	0.0	0.0	1.0	0.0	0.0	0.0
k__Bacteria;p__Firmicutes;c__Clostridia;o__Clostridiales;f__Lachnospiraceae;g__Robinsoniella	0.0	0.0	0.0	0.0	1.0	0.0	0.0	0.0	0.0	0.0	0.0	0.0	0.0	1.0	0.0	0.0	0.0	0.0	0.0	0.0	0.0	0.0	1.0	0.0	0.0	0.0	0.0	1.0	0.0	0.0	0.0	0.0	0.0	0.0	0.0	0.0	0.0	0.0	0.0	0.0	0.0	0.0	0.0	0.0	0.0	0.0	0.0	0.0	0.0
k__Bacteria;p__Firmicutes;c__Clostridia;o__Clostridiales;f__Lachnospiraceae;g__Roseburia	1551.0	100.0	569.0	102.0	636.0	335.0	911.0	325.0	523.0	580.0	231.0	335.0	395.0	180.0	184.0	330.0	145.0	492.0	768.0	519.0	335.0	308.0	273.0	727.0	1090.0	625.0	994.0	740.0	320.0	269.0	637.0	420.0	387.0	226.0	972.0	621.0	340.0	311.0	591.0	715.0	225.0	1980.0	593.0	622.0	887.0	477.0	239.0	385.0	211.0
k__Bacteria;p__Firmicutes;c__Clostridia;o__Clostridiales;f__Lachnospiraceae;g__[Ruminococcus]	35.0	4.0	5.0	2.0	2.0	1.0	2.0	24.0	10.0	3.0	5.0	22.0	6.0	2.0	3.0	3.0	2.0	5.0	33.0	0.0	3.0	2.0	4.0	4.0	1.0	1.0	51.0	3.0	9.0	2.0	2.0	3.0	3.0	3.0	10.0	2.0	11.0	4.0	4.0	9.0	0.0	45.0	5.0	6.0	1.0	2.0	0.0	3.0	1.0
k__Bacteria;p__Firmicutes;c__Clostridia;o__Clostridiales;f__Peptococcaceae;g__	71.0	38.0	30.0	9.0	18.0	26.0	63.0	12.0	29.0	8.0	49.0	119.0	95.0	36.0	11.0	36.0	10.0	55.0	53.0	25.0	53.0	40.0	9.0	33.0	68.0	69.0	105.0	94.0	106.0	26.0	39.0	21.0	79.0	13.0	107.0	41.0	33.0	8.0	62.0	40.0	8.0	132.0	9.0	65.0	94.0	12.0	25.0	34.0	22.0
k__Bacteria;p__Firmicutes;c__Clostridia;o__Clostridiales;f__Peptococcaceae;g__rc4-4	46.0	10.0	7.0	6.0	17.0	9.0	19.0	11.0	8.0	5.0	13.0	43.0	49.0	13.0	7.0	8.0	8.0	12.0	24.0	24.0	38.0	32.0	4.0	3.0	41.0	18.0	36.0	16.0	23.0	13.0	13.0	19.0	25.0	3.0	28.0	23.0	29.0	6.0	31.0	14.0	22.0	88.0	28.0	33.0	28.0	4.0	8.0	12.0	14.0
k__Bacteria;p__Firmicutes;c__Clostridia;o__Clostridiales;f__Peptostreptococcaceae;g__	0.0	0.0	0.0	1.0	1.0	0.0	0.0	0.0	0.0	0.0	1.0	0.0	3.0	0.0	0.0	165.0	5.0	19.0	1.0	0.0	15.0	4.0	16.0	1.0	0.0	0.0	0.0	0.0	0.0	0.0	0.0	64.0	1.0	2.0	0.0	0.0	56.0	276.0	0.0	1.0	0.0	0.0	0.0	1.0	0.0	0.0	1.0	0.0	0.0
k__Bacteria;p__Firmicutes;c__Clostridia;o__Clostridiales;f__Ruminococcaceae;g__	35806.0	18312.0	27178.0	26252.0	28084.0	20400.0	33228.0	17458.0	26338.0	22831.0	19496.0	37368.0	30614.0	36011.0	24709.0	25130.0	16720.0	30116.0	29084.0	19683.0	29942.0	23642.0	23610.0	21014.0	28260.0	24734.0	40920.0	30624.0	22768.0	22920.0	28153.0	33760.0	26851.0	26325.0	23394.0	27304.0	25921.0	26789.0	32244.0	25987.0	32222.0	25974.0	16924.0	32265.0	24561.0	26184.0	25433.0	27369.0	22458.0
k__Bacteria;p__Firmicutes;c__Clostridia;o__Clostridiales;f__Ruminococcaceae;g__Clostridium	0.0	19.0	0.0	39.0	49.0	53.0	7.0	0.0	6.0	12.0	4.0	4.0	9.0	0.0	8.0	9.0	10.0	0.0	1.0	0.0	7.0	0.0	0.0	70.0	2.0	3.0	0.0	2.0	7.0	9.0	2.0	5.0	1.0	7.0	5.0	7.0	0.0	0.0	8.0	0.0	0.0	0.0	2.0	6.0	13.0	34.0	5.0	13.0	0.0
k__Bacteria;p__Firmicutes;c__Clostridia;o__Clostridiales;f__Ruminococcaceae;g__Faecalibacterium	96.0	54.0	65.0	15.0	42.0	14.0	90.0	7.0	72.0	56.0	66.0	234.0	117.0	28.0	20.0	230.0	38.0	14.0	77.0	125.0	175.0	19.0	11.0	37.0	151.0	168.0	613.0	94.0	75.0	37.0	93.0	88.0	43.0	10.0	118.0	47.0	29.0	50.0	207.0	175.0	38.0	74.0	46.0	338.0	347.0	40.0	29.0	58.0	21.0
k__Bacteria;p__Firmicutes;c__Clostridia;o__Clostridiales;f__Ruminococcaceae;g__Oscillospira	6509.0	3896.0	5179.0	3170.0	3330.0	3628.0	7742.0	1629.0	5377.0	6427.0	4333.0	7349.0	2757.0	6756.0	2770.0	7629.0	3787.0	6593.0	4353.0	2148.0	7687.0	5246.0	6207.0	2076.0	5405.0	6855.0	6443.0	5254.0	5686.0	1851.0	6612.0	6896.0	7435.0	2028.0	3749.0	2994.0	7932.0	2634.0	5900.0	4543.0	5004.0	6371.0	3769.0	3650.0	7331.0	2736.0	7509.0	3515.0	6568.0
k__Bacteria;p__Firmicutes;c__Clostridia;o__Clostridiales;f__Ruminococcaceae;g__Papillibacter	0.0	0.0	0.0	0.0	0.0	0.0	0.0	0.0	0.0	0.0	0.0	0.0	0.0	0.0	0.0	0.0	0.0	0.0	0.0	0.0	0.0	0.0	0.0	0.0	0.0	0.0	0.0	0.0	0.0	0.0	0.0	0.0	0.0	0.0	0.0	0.0	0.0	0.0	0.0	0.0	0.0	0.0	0.0	0.0	0.0	0.0	0.0	0.0	1.0
k__Bacteria;p__Firmicutes;c__Clostridia;o__Clostridiales;f__Ruminococcaceae;g__Ruminococcus	3890.0	2103.0	1910.0	3706.0	2856.0	2536.0	2431.0	3112.0	1912.0	1573.0	3221.0	2415.0	1555.0	3920.0	2143.0	2209.0	1112.0	5902.0	2587.0	9679.0	2778.0	3578.0	4585.0	5725.0	2838.0	1836.0	2942.0	3283.0	2184.0	7066.0	1877.0	2329.0	2329.0	2111.0	2377.0	1919.0	1565.0	1730.0	2212.0	4041.0	2902.0	3511.0	1698.0	3271.0	2118.0	4399.0	2667.0	2558.0	1803.0
k__Bacteria;p__Firmicutes;c__Clostridia;o__Clostridiales;f__Syntrophomonadaceae;g__Syntrophomonas	7.0	1.0	1.0	0.0	0.0	0.0	3.0	0.0	17.0	5.0	0.0	3.0	6.0	1.0	0.0	0.0	1.0	0.0	1.0	1.0	13.0	0.0	0.0	1.0	14.0	1.0	0.0	6.0	4.0	0.0	2.0	2.0	4.0	0.0	4.0	5.0	3.0	3.0	2.0	3.0	2.0	3.0	8.0	13.0	1.0	0.0	2.0	1.0	0.0
k__Bacteria;p__Firmicutes;c__Clostridia;o__Clostridiales;f__Veillonellaceae;g__	4.0	0.0	2.0	5.0	4.0	4.0	1.0	8.0	1.0	6.0	1.0	1.0	6.0	5.0	0.0	10.0	1.0	0.0	4.0	3.0	15.0	1.0	6.0	10.0	10.0	5.0	4.0	1.0	2.0	3.0	5.0	5.0	7.0	3.0	3.0	2.0	0.0	1.0	2.0	6.0	3.0	9.0	1.0	2.0	6.0	5.0	6.0	4.0	1.0
k__Bacteria;p__Firmicutes;c__Clostridia;o__Clostridiales;f__Veillonellaceae;g__Dialister	0.0	0.0	0.0	0.0	0.0	0.0	0.0	0.0	0.0	0.0	0.0	0.0	0.0	0.0	0.0	0.0	0.0	0.0	0.0	0.0	0.0	0.0	0.0	0.0	0.0	0.0	0.0	0.0	0.0	0.0	0.0	0.0	0.0	0.0	0.0	0.0	0.0	1.0	0.0	0.0	0.0	0.0	0.0	0.0	0.0	0.0	0.0	0.0	0.0
k__Bacteria;p__Firmicutes;c__Clostridia;o__Clostridiales;f__Veillonellaceae;g__Selenomonas	0.0	3.0	1.0	2.0	3.0	0.0	0.0	6.0	0.0	0.0	0.0	0.0	1.0	0.0	0.0	2.0	1.0	0.0	0.0	0.0	0.0	0.0	0.0	0.0	0.0	0.0	0.0	0.0	0.0	0.0	0.0	0.0	0.0	3.0	2.0	0.0	0.0	0.0	0.0	1.0	0.0	0.0	0.0	0.0	0.0	7.0	1.0	2.0	1.0
k__Bacteria;p__Firmicutes;c__Clostridia;o__Clostridiales;f__[Mogibacteriaceae];g__	189.0	193.0	203.0	227.0	251.0	135.0	284.0	214.0	173.0	216.0	124.0	221.0	1309.0	268.0	194.0	107.0	144.0	265.0	369.0	261.0	351.0	250.0	235.0	241.0	231.0	217.0	218.0	215.0	153.0	212.0	228.0	220.0	141.0	1300.0	329.0	289.0	150.0	314.0	351.0	175.0	305.0	415.0	131.0	485.0	246.0	283.0	171.0	147.0	114.0
k__Bacteria;p__Firmicutes;c__Erysipelotrichi;o__Erysipelotrichales;f__Erysipelotrichaceae;g__	63.0	35.0	42.0	26.0	11.0	14.0	59.0	33.0	80.0	28.0	44.0	86.0	67.0	36.0	67.0	171.0	62.0	55.0	161.0	44.0	63.0	16.0	46.0	16.0	172.0	85.0	122.0	32.0	131.0	39.0	63.0	33.0	49.0	24.0	62.0	33.0	76.0	78.0	78.0	62.0	34.0	77.0	41.0	104.0	24.0	14.0	75.0	35.0	69.0
k__Bacteria;p__Firmicutes;c__Erysipelotrichi;o__Erysipelotrichales;f__Erysipelotrichaceae;g__Bulleidia	0.0	3.0	3.0	3.0	3.0	0.0	2.0	2.0	1.0	0.0	7.0	0.0	2.0	5.0	1.0	0.0	6.0	4.0	0.0	0.0	3.0	9.0	4.0	0.0	0.0	1.0	0.0	1.0	0.0	1.0	0.0	1.0	0.0	1.0	1.0	4.0	1.0	1.0	3.0	1.0	4.0	2.0	3.0	3.0	1.0	5.0	3.0	0.0	2.0
k__Bacteria;p__Firmicutes;c__Erysipelotrichi;o__Erysipelotrichales;f__Erysipelotrichaceae;g__Catenibacterium	0.0	2.0	0.0	3.0	0.0	0.0	0.0	1.0	1.0	0.0	3.0	0.0	1.0	0.0	2.0	1.0	3.0	1.0	1.0	0.0	0.0	0.0	0.0	0.0	1.0	0.0	0.0	0.0	0.0	0.0	3.0	0.0	0.0	2.0	2.0	1.0	0.0	0.0	0.0	3.0	2.0	3.0	0.0	0.0	0.0	3.0	2.0	0.0	0.0
k__Bacteria;p__Firmicutes;c__Erysipelotrichi;o__Erysipelotrichales;f__Erysipelotrichaceae;g__Coprobacillus	24.0	19.0	2.0	44.0	39.0	14.0	23.0	170.0	16.0	16.0	7.0	23.0	23.0	7.0	33.0	27.0	10.0	36.0	68.0	28.0	16.0	12.0	21.0	22.0	18.0	30.0	37.0	15.0	22.0	10.0	19.0	4.0	14.0	13.0	44.0	17.0	44.0	21.0	32.0	9.0	13.0	32.0	5.0	49.0	23.0	14.0	14.0	12.0	30.0
k__Bacteria;p__Firmicutes;c__Erysipelotrichi;o__Erysipelotrichales;f__Erysipelotrichaceae;g__RFN20	0.0	1.0	2.0	0.0	0.0	2.0	0.0	0.0	2.0	0.0	0.0	0.0	0.0	0.0	0.0	0.0	0.0	0.0	0.0	0.0	0.0	0.0	0.0	0.0	0.0	0.0	0.0	1.0	0.0	2.0	0.0	0.0	0.0	0.0	1.0	0.0	2.0	0.0	0.0	0.0	0.0	0.0	0.0	0.0	2.0	0.0	0.0	0.0	0.0
k__Bacteria;p__Firmicutes;c__Erysipelotrichi;o__Erysipelotrichales;f__Erysipelotrichaceae;g__[Eubacterium]	1.0	2.0	0.0	2.0	2.0	0.0	1.0	3.0	0.0	1.0	0.0	0.0	1.0	5.0	2.0	0.0	2.0	0.0	1.0	0.0	0.0	6.0	3.0	0.0	0.0	1.0	1.0	0.0	0.0	0.0	2.0	0.0	0.0	5.0	4.0	2.0	2.0	2.0	0.0	0.0	0.0	1.0	2.0	0.0	1.0	4.0	0.0	0.0	0.0
k__Bacteria;p__Firmicutes;c__OPB54;o__;f__;g__	1.0	0.0	0.0	1.0	1.0	3.0	1.0	0.0	2.0	0.0	1.0	0.0	0.0	3.0	0.0	0.0	1.0	0.0	0.0	0.0	2.0	0.0	2.0	0.0	0.0	0.0	1.0	0.0	3.0	0.0	0.0	0.0	0.0	0.0	0.0	2.0	1.0	1.0	1.0	0.0	3.0	0.0	1.0	0.0	0.0	0.0	0.0	2.0	0.0
k__Bacteria;p__Proteobacteria;c__Alphaproteobacteria;o__;f__;g__	1.0	0.0	0.0	0.0	0.0	1.0	1.0	0.0	4.0	5.0	0.0	0.0	0.0	1.0	1.0	5.0	0.0	4.0	0.0	0.0	2.0	0.0	1.0	0.0	3.0	0.0	0.0	2.0	3.0	1.0	0.0	15.0	0.0	0.0	0.0	8.0	1.0	0.0	1.0	0.0	0.0	0.0	4.0	3.0	0.0	0.0	1.0	0.0	0.0
k__Bacteria;p__Proteobacteria;c__Alphaproteobacteria;o__Caulobacterales;f__;g__	0.0	0.0	0.0	0.0	0.0	0.0	0.0	0.0	0.0	0.0	0.0	0.0	0.0	0.0	0.0	0.0	0.0	0.0	0.0	0.0	0.0	0.0	0.0	0.0	0.0	0.0	0.0	0.0	0.0	0.0	0.0	0.0	0.0	0.0	0.0	0.0	0.0	0.0	0.0	0.0	0.0	0.0	0.0	0.0	0.0	0.0	1.0	0.0	0.0
k__Bacteria;p__Proteobacteria;c__Alphaproteobacteria;o__Caulobacterales;f__Caulobacteraceae;g__Phenylobacterium	0.0	0.0	0.0	0.0	1.0	0.0	0.0	0.0	0.0	0.0	0.0	0.0	0.0	0.0	0.0	0.0	0.0	0.0	0.0	0.0	0.0	0.0	0.0	0.0	0.0	0.0	0.0	0.0	0.0	0.0	0.0	0.0	0.0	0.0	0.0	0.0	0.0	0.0	0.0	0.0	0.0	0.0	0.0	0.0	0.0	0.0	0.0	0.0	0.0
k__Bacteria;p__Proteobacteria;c__Alphaproteobacteria;o__Rhizobiales;f__;g__	0.0	0.0	0.0	0.0	0.0	0.0	0.0	0.0	0.0	0.0	0.0	0.0	0.0	0.0	0.0	0.0	0.0	0.0	0.0	0.0	0.0	1.0	0.0	0.0	0.0	1.0	0.0	0.0	0.0	0.0	0.0	0.0	0.0	0.0	0.0	0.0	0.0	0.0	0.0	0.0	0.0	0.0	0.0	0.0	0.0	0.0	0.0	0.0	0.0
k__Bacteria;p__Proteobacteria;c__Alphaproteobacteria;o__Rhizobiales;f__Aurantimonadaceae;g__	0.0	0.0	0.0	0.0	0.0	0.0	0.0	0.0	0.0	0.0	0.0	0.0	0.0	0.0	0.0	0.0	0.0	0.0	0.0	0.0	0.0	0.0	1.0	0.0	0.0	0.0	0.0	0.0	0.0	0.0	0.0	0.0	0.0	0.0	0.0	0.0	0.0	0.0	0.0	0.0	0.0	0.0	0.0	0.0	0.0	0.0	0.0	0.0	0.0
k__Bacteria;p__Proteobacteria;c__Alphaproteobacteria;o__Rhizobiales;f__Bradyrhizobiaceae;g__	0.0	0.0	0.0	0.0	1.0	0.0	0.0	0.0	0.0	0.0	0.0	0.0	0.0	0.0	0.0	0.0	0.0	0.0	0.0	0.0	0.0	0.0	0.0	0.0	0.0	0.0	0.0	0.0	0.0	0.0	0.0	0.0	0.0	0.0	0.0	0.0	0.0	0.0	0.0	0.0	0.0	0.0	0.0	0.0	0.0	0.0	0.0	0.0	0.0
k__Bacteria;p__Proteobacteria;c__Alphaproteobacteria;o__Rhizobiales;f__Bradyrhizobiaceae;g__Bradyrhizobium	0.0	0.0	0.0	0.0	0.0	0.0	0.0	1.0	0.0	0.0	0.0	0.0	0.0	0.0	0.0	0.0	0.0	0.0	0.0	0.0	0.0	0.0	0.0	0.0	0.0	0.0	0.0	0.0	0.0	0.0	0.0	0.0	0.0	1.0	0.0	0.0	0.0	0.0	0.0	0.0	0.0	0.0	0.0	0.0	0.0	0.0	0.0	0.0	0.0
k__Bacteria;p__Proteobacteria;c__Alphaproteobacteria;o__Rhizobiales;f__Hyphomicrobiaceae;g__Devosia	0.0	0.0	0.0	0.0	0.0	0.0	0.0	0.0	0.0	0.0	0.0	0.0	0.0	1.0	0.0	0.0	0.0	0.0	0.0	0.0	0.0	0.0	0.0	0.0	0.0	0.0	0.0	0.0	0.0	0.0	0.0	0.0	0.0	0.0	0.0	0.0	0.0	0.0	0.0	0.0	0.0	0.0	0.0	0.0	0.0	0.0	0.0	0.0	0.0
k__Bacteria;p__Proteobacteria;c__Alphaproteobacteria;o__Rhizobiales;f__Hyphomicrobiaceae;g__Rhodoplanes	1.0	0.0	0.0	0.0	0.0	0.0	0.0	0.0	1.0	0.0	0.0	0.0	0.0	0.0	0.0	0.0	0.0	0.0	0.0	0.0	0.0	0.0	0.0	0.0	0.0	0.0	1.0	0.0	0.0	0.0	0.0	0.0	0.0	0.0	0.0	0.0	0.0	0.0	0.0	0.0	0.0	0.0	0.0	0.0	0.0	0.0	1.0	0.0	0.0
k__Bacteria;p__Proteobacteria;c__Alphaproteobacteria;o__Rhizobiales;f__Methylobacteriaceae;g__	0.0	0.0	0.0	0.0	0.0	0.0	0.0	0.0	0.0	0.0	1.0	0.0	0.0	0.0	0.0	0.0	0.0	0.0	0.0	0.0	0.0	0.0	0.0	0.0	0.0	0.0	0.0	0.0	0.0	0.0	0.0	0.0	0.0	0.0	0.0	0.0	0.0	0.0	0.0	0.0	0.0	0.0	0.0	0.0	0.0	0.0	0.0	0.0	0.0
k__Bacteria;p__Proteobacteria;c__Alphaproteobacteria;o__Rhizobiales;f__Methylobacteriaceae;g__Methylobacterium	0.0	0.0	0.0	0.0	0.0	0.0	0.0	0.0	0.0	0.0	0.0	0.0	0.0	0.0	0.0	0.0	0.0	0.0	0.0	0.0	0.0	0.0	0.0	0.0	0.0	0.0	0.0	1.0	0.0	0.0	0.0	0.0	0.0	0.0	0.0	0.0	0.0	0.0	0.0	0.0	0.0	2.0	0.0	0.0	0.0	0.0	0.0	0.0	0.0
k__Bacteria;p__Proteobacteria;c__Alphaproteobacteria;o__Rhizobiales;f__Rhizobiaceae;g__	2.0	0.0	0.0	0.0	0.0	0.0	0.0	0.0	0.0	0.0	0.0	0.0	0.0	0.0	0.0	0.0	0.0	0.0	0.0	0.0	0.0	0.0	0.0	0.0	0.0	0.0	0.0	0.0	0.0	0.0	0.0	0.0	0.0	0.0	0.0	0.0	0.0	0.0	0.0	0.0	0.0	0.0	0.0	0.0	0.0	0.0	0.0	0.0	0.0
k__Bacteria;p__Proteobacteria;c__Alphaproteobacteria;o__Rhizobiales;f__Rhizobiaceae;g__Agrobacterium	0.0	0.0	0.0	0.0	0.0	0.0	0.0	0.0	0.0	0.0	0.0	0.0	0.0	0.0	0.0	0.0	0.0	3.0	0.0	0.0	0.0	0.0	0.0	0.0	0.0	0.0	0.0	0.0	0.0	2.0	0.0	0.0	0.0	0.0	0.0	0.0	0.0	0.0	0.0	0.0	0.0	0.0	0.0	0.0	0.0	2.0	0.0	0.0	0.0
k__Bacteria;p__Proteobacteria;c__Alphaproteobacteria;o__Rhizobiales;f__Rhizobiaceae;g__Rhizobium	0.0	0.0	0.0	0.0	0.0	0.0	0.0	0.0	0.0	0.0	0.0	0.0	0.0	0.0	0.0	0.0	0.0	0.0	0.0	0.0	0.0	0.0	0.0	0.0	0.0	0.0	0.0	0.0	0.0	1.0	0.0	0.0	0.0	0.0	0.0	0.0	0.0	0.0	0.0	0.0	0.0	0.0	0.0	0.0	0.0	0.0	1.0	0.0	0.0
k__Bacteria;p__Proteobacteria;c__Alphaproteobacteria;o__Rhizobiales;f__Xanthobacteraceae;g__Labrys	0.0	0.0	0.0	0.0	0.0	0.0	0.0	0.0	0.0	0.0	0.0	0.0	0.0	0.0	0.0	0.0	0.0	0.0	0.0	0.0	0.0	2.0	0.0	0.0	0.0	0.0	0.0	0.0	0.0	0.0	0.0	0.0	0.0	1.0	0.0	0.0	0.0	0.0	0.0	0.0	0.0	0.0	0.0	0.0	0.0	0.0	0.0	0.0	0.0
k__Bacteria;p__Proteobacteria;c__Alphaproteobacteria;o__Rhodospirillales;f__Rhodospirillaceae;g__	0.0	0.0	0.0	0.0	0.0	0.0	0.0	0.0	0.0	0.0	0.0	0.0	1.0	0.0	0.0	0.0	0.0	0.0	0.0	0.0	0.0	0.0	0.0	0.0	0.0	0.0	0.0	0.0	0.0	0.0	0.0	0.0	0.0	0.0	0.0	0.0	0.0	0.0	0.0	0.0	0.0	0.0	0.0	0.0	0.0	0.0	1.0	0.0	0.0
k__Bacteria;p__Proteobacteria;c__Alphaproteobacteria;o__Rickettsiales;f__;g__	154.0	28.0	22.0	53.0	57.0	14.0	32.0	32.0	109.0	208.0	7.0	147.0	21.0	46.0	3.0	40.0	4.0	24.0	98.0	34.0	51.0	15.0	12.0	35.0	149.0	38.0	117.0	63.0	120.0	28.0	37.0	71.0	64.0	22.0	33.0	70.0	59.0	19.0	66.0	205.0	16.0	10.0	111.0	101.0	17.0	23.0	16.0	26.0	11.0
k__Bacteria;p__Proteobacteria;c__Alphaproteobacteria;o__Rickettsiales;f__Rickettsiaceae;g__Wolbachia	5.0	0.0	0.0	0.0	0.0	0.0	0.0	1.0	0.0	1.0	0.0	0.0	0.0	0.0	12.0	2.0	3.0	0.0	0.0	0.0	0.0	0.0	0.0	1.0	0.0	0.0	0.0	2.0	0.0	0.0	0.0	4.0	0.0	9.0	1.0	2.0	0.0	0.0	0.0	0.0	0.0	0.0	2.0	0.0	0.0	0.0	0.0	0.0	0.0
k__Bacteria;p__Proteobacteria;c__Alphaproteobacteria;o__Sphingomonadales;f__Sphingomonadaceae;g__	0.0	0.0	0.0	0.0	0.0	0.0	0.0	0.0	0.0	0.0	0.0	0.0	0.0	0.0	0.0	0.0	0.0	0.0	0.0	0.0	0.0	0.0	0.0	0.0	0.0	0.0	0.0	0.0	0.0	0.0	0.0	0.0	0.0	1.0	0.0	0.0	0.0	0.0	0.0	0.0	0.0	0.0	0.0	0.0	0.0	0.0	0.0	0.0	0.0
k__Bacteria;p__Proteobacteria;c__Alphaproteobacteria;o__Sphingomonadales;f__Sphingomonadaceae;g__Kaistobacter	0.0	0.0	0.0	0.0	0.0	0.0	0.0	1.0	0.0	0.0	0.0	0.0	0.0	0.0	0.0	0.0	0.0	0.0	0.0	0.0	0.0	0.0	0.0	0.0	0.0	0.0	0.0	0.0	0.0	0.0	0.0	0.0	0.0	0.0	0.0	0.0	0.0	0.0	0.0	0.0	0.0	0.0	0.0	0.0	0.0	0.0	0.0	0.0	0.0
k__Bacteria;p__Proteobacteria;c__Alphaproteobacteria;o__Sphingomonadales;f__Sphingomonadaceae;g__Sphingobium	0.0	0.0	0.0	3.0	0.0	0.0	0.0	0.0	0.0	0.0	0.0	0.0	0.0	0.0	0.0	0.0	0.0	0.0	0.0	0.0	0.0	0.0	0.0	0.0	0.0	0.0	0.0	0.0	1.0	0.0	1.0	0.0	0.0	0.0	0.0	1.0	0.0	0.0	0.0	0.0	0.0	0.0	0.0	0.0	0.0	0.0	0.0	0.0	0.0
k__Bacteria;p__Proteobacteria;c__Betaproteobacteria;o__Burkholderiales;f__;g__	0.0	0.0	0.0	0.0	0.0	0.0	2.0	0.0	0.0	0.0	0.0	0.0	0.0	0.0	0.0	0.0	0.0	1.0	0.0	0.0	0.0	2.0	0.0	0.0	0.0	0.0	0.0	0.0	0.0	0.0	0.0	0.0	0.0	0.0	0.0	0.0	0.0	0.0	0.0	0.0	0.0	0.0	0.0	0.0	1.0	0.0	0.0	0.0	0.0
k__Bacteria;p__Proteobacteria;c__Betaproteobacteria;o__Burkholderiales;f__Alcaligenaceae;g__Sutterella	8.0	27.0	16.0	22.0	10.0	13.0	20.0	2.0	15.0	15.0	6.0	1.0	11.0	43.0	6.0	10.0	1.0	8.0	13.0	18.0	34.0	3.0	1.0	4.0	29.0	23.0	23.0	20.0	24.0	1.0	8.0	19.0	4.0	1.0	21.0	9.0	14.0	5.0	33.0	35.0	15.0	8.0	21.0	21.0	5.0	0.0	1.0	1.0	2.0
k__Bacteria;p__Proteobacteria;c__Betaproteobacteria;o__Burkholderiales;f__Comamonadaceae;g__	3.0	0.0	0.0	0.0	1.0	0.0	0.0	1.0	0.0	0.0	0.0	1.0	0.0	0.0	0.0	0.0	1.0	1.0	0.0	0.0	0.0	0.0	0.0	0.0	0.0	0.0	0.0	0.0	1.0	0.0	0.0	0.0	0.0	1.0	1.0	2.0	0.0	0.0	0.0	0.0	0.0	0.0	0.0	0.0	0.0	1.0	3.0	0.0	1.0
k__Bacteria;p__Proteobacteria;c__Betaproteobacteria;o__Burkholderiales;f__Comamonadaceae;g__Comamonas	3.0	0.0	0.0	0.0	0.0	0.0	0.0	0.0	0.0	0.0	0.0	0.0	0.0	0.0	0.0	0.0	0.0	0.0	0.0	0.0	0.0	0.0	0.0	0.0	0.0	0.0	0.0	0.0	0.0	0.0	0.0	0.0	0.0	0.0	2.0	0.0	0.0	0.0	0.0	0.0	0.0	0.0	0.0	0.0	0.0	0.0	0.0	0.0	0.0
k__Bacteria;p__Proteobacteria;c__Betaproteobacteria;o__Burkholderiales;f__Comamonadaceae;g__Limnohabitans	0.0	0.0	0.0	0.0	0.0	0.0	0.0	0.0	0.0	0.0	0.0	0.0	0.0	0.0	0.0	0.0	2.0	2.0	0.0	0.0	0.0	3.0	0.0	0.0	3.0	0.0	0.0	0.0	0.0	0.0	0.0	0.0	0.0	0.0	0.0	0.0	0.0	0.0	0.0	0.0	1.0	0.0	0.0	0.0	3.0	1.0	5.0	0.0	0.0
k__Bacteria;p__Proteobacteria;c__Betaproteobacteria;o__Burkholderiales;f__Oxalobacteraceae;g__	1.0	1.0	1.0	0.0	3.0	0.0	0.0	1.0	1.0	0.0	2.0	0.0	0.0	0.0	0.0	0.0	1.0	1.0	1.0	0.0	1.0	1.0	0.0	1.0	0.0	1.0	0.0	1.0	1.0	0.0	1.0	2.0	2.0	0.0	1.0	0.0	0.0	0.0	1.0	0.0	0.0	0.0	0.0	0.0	0.0	0.0	0.0	0.0	0.0
k__Bacteria;p__Proteobacteria;c__Betaproteobacteria;o__Burkholderiales;f__Oxalobacteraceae;g__Oxalobacter	18.0	25.0	18.0	21.0	21.0	6.0	13.0	9.0	6.0	13.0	17.0	18.0	11.0	11.0	5.0	10.0	3.0	23.0	4.0	11.0	18.0	20.0	25.0	14.0	7.0	13.0	20.0	24.0	17.0	6.0	14.0	12.0	7.0	7.0	21.0	4.0	15.0	5.0	10.0	19.0	11.0	8.0	7.0	17.0	14.0	23.0	9.0	7.0	19.0
k__Bacteria;p__Proteobacteria;c__Betaproteobacteria;o__Rhodocyclales;f__Rhodocyclaceae;g__Dechloromonas	0.0	0.0	1.0	0.0	0.0	0.0	0.0	1.0	0.0	0.0	0.0	0.0	0.0	0.0	0.0	0.0	0.0	0.0	0.0	0.0	0.0	3.0	2.0	0.0	1.0	0.0	0.0	0.0	0.0	0.0	0.0	0.0	0.0	2.0	0.0	0.0	0.0	0.0	0.0	0.0	0.0	0.0	0.0	0.0	0.0	4.0	2.0	0.0	0.0
k__Bacteria;p__Proteobacteria;c__Epsilonproteobacteria;o__Campylobacterales;f__Campylobacteraceae;g__Campylobacter	0.0	8.0	8.0	4.0	1.0	0.0	36.0	102.0	15.0	9.0	27.0	0.0	28.0	30.0	1.0	36.0	1.0	6.0	27.0	21.0	19.0	4.0	2.0	11.0	103.0	59.0	89.0	13.0	49.0	5.0	40.0	19.0	42.0	13.0	44.0	23.0	16.0	30.0	33.0	49.0	9.0	15.0	7.0	70.0	31.0	5.0	0.0	5.0	0.0
k__Bacteria;p__Proteobacteria;c__Epsilonproteobacteria;o__Campylobacterales;f__Helicobacteraceae;g__Flexispira	5.0	1.0	3.0	1.0	5.0	5.0	16.0	11.0	9.0	12.0	4.0	4.0	1.0	3.0	0.0	0.0	2.0	2.0	2.0	3.0	5.0	1.0	0.0	1.0	7.0	11.0	14.0	0.0	1.0	0.0	11.0	8.0	0.0	1.0	2.0	3.0	4.0	14.0	5.0	1.0	9.0	3.0	6.0	5.0	3.0	0.0	16.0	0.0	2.0
k__Bacteria;p__Proteobacteria;c__Gammaproteobacteria;o__Enterobacteriales;f__Enterobacteriaceae;g__	16.0	0.0	0.0	0.0	0.0	0.0	0.0	0.0	0.0	0.0	0.0	0.0	0.0	1.0	3.0	0.0	0.0	3.0	0.0	0.0	0.0	5.0	4.0	0.0	1.0	0.0	0.0	0.0	0.0	0.0	0.0	0.0	0.0	0.0	1.0	0.0	0.0	0.0	0.0	2.0	0.0	0.0	0.0	0.0	0.0	0.0	0.0	0.0	0.0
k__Bacteria;p__Proteobacteria;c__Gammaproteobacteria;o__Enterobacteriales;f__Enterobacteriaceae;g__Erwinia	0.0	0.0	0.0	0.0	0.0	0.0	1.0	0.0	0.0	0.0	0.0	0.0	0.0	0.0	0.0	0.0	0.0	0.0	0.0	0.0	0.0	0.0	0.0	0.0	0.0	0.0	0.0	1.0	0.0	0.0	0.0	0.0	0.0	0.0	0.0	0.0	0.0	0.0	0.0	0.0	0.0	0.0	0.0	0.0	0.0	0.0	0.0	0.0	0.0
k__Bacteria;p__Proteobacteria;c__Gammaproteobacteria;o__Pseudomonadales;f__Moraxellaceae;g__Acinetobacter	33.0	0.0	0.0	0.0	0.0	0.0	0.0	0.0	0.0	0.0	17.0	4.0	0.0	0.0	0.0	0.0	0.0	0.0	0.0	0.0	0.0	0.0	0.0	2.0	0.0	0.0	0.0	0.0	4.0	1.0	0.0	0.0	0.0	0.0	2.0	0.0	0.0	0.0	0.0	0.0	2.0	0.0	0.0	0.0	3.0	0.0	0.0	0.0	0.0
k__Bacteria;p__Proteobacteria;c__Gammaproteobacteria;o__Pseudomonadales;f__Pseudomonadaceae;g__Pseudomonas	5.0	0.0	3.0	9.0	0.0	0.0	4.0	0.0	0.0	0.0	3.0	0.0	1.0	8.0	2.0	4.0	3.0	6.0	3.0	5.0	2.0	3.0	3.0	6.0	13.0	5.0	2.0	0.0	6.0	4.0	5.0	0.0	0.0	7.0	8.0	7.0	0.0	6.0	3.0	2.0	6.0	0.0	2.0	3.0	6.0	7.0	3.0	1.0	0.0
k__Bacteria;p__Proteobacteria;c__Gammaproteobacteria;o__Xanthomonadales;f__Sinobacteraceae;g__	0.0	0.0	0.0	0.0	1.0	0.0	0.0	0.0	0.0	0.0	0.0	0.0	0.0	0.0	0.0	0.0	0.0	0.0	0.0	0.0	0.0	0.0	0.0	0.0	0.0	0.0	0.0	0.0	0.0	0.0	0.0	0.0	0.0	0.0	0.0	0.0	0.0	0.0	0.0	0.0	0.0	0.0	0.0	0.0	0.0	0.0	0.0	0.0	0.0
k__Bacteria;p__Proteobacteria;c__Gammaproteobacteria;o__Xanthomonadales;f__Xanthomonadaceae;g__	0.0	0.0	0.0	0.0	0.0	0.0	0.0	0.0	0.0	0.0	0.0	0.0	1.0	0.0	1.0	2.0	1.0	1.0	0.0	0.0	1.0	4.0	0.0	1.0	0.0	0.0	0.0	0.0	0.0	0.0	0.0	0.0	1.0	0.0	0.0	0.0	0.0	0.0	0.0	0.0	1.0	0.0	0.0	0.0	0.0	1.0	0.0	0.0	0.0
k__Bacteria;p__Proteobacteria;c__Gammaproteobacteria;o__Xanthomonadales;f__Xanthomonadaceae;g__Stenotrophomonas	0.0	0.0	0.0	0.0	0.0	0.0	0.0	0.0	0.0	0.0	0.0	0.0	0.0	0.0	0.0	0.0	0.0	0.0	0.0	0.0	0.0	0.0	0.0	0.0	0.0	0.0	0.0	0.0	0.0	0.0	0.0	0.0	0.0	0.0	2.0	0.0	0.0	0.0	0.0	0.0	0.0	0.0	0.0	0.0	0.0	0.0	0.0	0.0	0.0
k__Bacteria;p__Spirochaetes;c__Spirochaetes;o__Spirochaetales;f__Spirochaetaceae;g__Treponema	0.0	0.0	0.0	0.0	0.0	0.0	0.0	0.0	1.0	0.0	0.0	0.0	0.0	0.0	0.0	0.0	0.0	1.0	0.0	0.0	0.0	0.0	0.0	0.0	0.0	0.0	0.0	0.0	0.0	0.0	0.0	0.0	0.0	0.0	0.0	0.0	1.0	0.0	1.0	0.0	0.0	0.0	0.0	0.0	0.0	0.0	0.0	0.0	0.0
k__Bacteria;p__TM7;c__TM7-3;o__CW040;f__F16;g__	0.0	0.0	0.0	0.0	0.0	0.0	0.0	0.0	0.0	0.0	0.0	0.0	0.0	0.0	0.0	0.0	0.0	0.0	0.0	0.0	0.0	0.0	1.0	1.0	0.0	0.0	0.0	0.0	0.0	1.0	0.0	0.0	0.0	0.0	0.0	0.0	0.0	0.0	0.0	0.0	0.0	0.0	0.0	0.0	0.0	0.0	0.0	0.0	0.0
k__Bacteria;p__Tenericutes;c__Mollicutes;o__Anaeroplasmatales;f__Anaeroplasmataceae;g__	5.0	0.0	10.0	2.0	5.0	2.0	11.0	1.0	7.0	7.0	1.0	6.0	1.0	6.0	2.0	1.0	4.0	2.0	13.0	4.0	7.0	3.0	0.0	5.0	20.0	13.0	14.0	8.0	10.0	5.0	4.0	0.0	4.0	0.0	17.0	3.0	5.0	5.0	9.0	22.0	5.0	1.0	6.0	5.0	3.0	3.0	6.0	2.0	3.0
k__Bacteria;p__Tenericutes;c__Mollicutes;o__RF39;f__;g__	540.0	2434.0	928.0	2265.0	1045.0	639.0	1440.0	1059.0	1518.0	1706.0	1652.0	221.0	1393.0	1616.0	2769.0	3565.0	5797.0	2209.0	206.0	3738.0	1163.0	1317.0	1817.0	1376.0	1905.0	923.0	17.0	1368.0	3025.0	2194.0	1399.0	1936.0	895.0	1172.0	918.0	1602.0	2465.0	1331.0	1237.0	1957.0	976.0	459.0	3327.0	1278.0	1253.0	1550.0	3168.0	2692.0	2515.0
k__Bacteria;p__Tenericutes;c__RF3;o__ML615J-28;f__;g__	47.0	16.0	23.0	60.0	59.0	53.0	34.0	17.0	27.0	29.0	24.0	40.0	18.0	99.0	30.0	78.0	23.0	42.0	21.0	15.0	86.0	17.0	25.0	22.0	5.0	20.0	54.0	38.0	91.0	15.0	30.0	25.0	66.0	19.0	39.0	44.0	20.0	34.0	28.0	76.0	38.0	4.0	27.0	31.0	12.0	76.0	41.0	31.0	30.0
k__Bacteria;p__Verrucomicrobia;c__Opitutae;o__HA64;f__;g__	0.0	0.0	0.0	0.0	0.0	0.0	0.0	1.0	0.0	0.0	0.0	0.0	0.0	3.0	0.0	0.0	0.0	0.0	0.0	0.0	0.0	0.0	0.0	0.0	0.0	0.0	3.0	0.0	0.0	0.0	0.0	0.0	0.0	0.0	0.0	0.0	0.0	0.0	0.0	1.0	0.0	0.0	10.0	0.0	1.0	0.0	0.0	0.0	0.0
k__Bacteria;p__Verrucomicrobia;c__Verrucomicrobiae;o__Verrucomicrobiales;f__Verrucomicrobiaceae;g__Akkermansia	427.0	1.0	1546.0	689.0	1516.0	5131.0	1.0	7.0	9.0	0.0	109.0	0.0	33.0	1914.0	1081.0	284.0	2441.0	20.0	0.0	17.0	222.0	335.0	7.0	71.0	7.0	1.0	25.0	1.0	0.0	2639.0	0.0	2.0	4568.0	3462.0	1.0	6.0	0.0	848.0	1.0	43.0	2760.0	0.0	0.0	0.0	0.0	324.0	1755.0	579.0	672.0