# Constructed from biom file
#OTU ID	UNKGMB37	UNKGMB10	UNKGMB19	UNKGMB7	UNKGMB6	UNKGMB38	LSGMB16	UNKGMB5	UNKGMB24	UNKGMB26	LSGMB10	UNKGMB28	RSGMB3	LFGMB1	RSGMB4	UNKGMB36	RSGMB5	UNKGMB12	UNKGMB25	RSGMB6	UNKGMB30	UNKGMB14	UNKGMB13	UNKGMB8	UNKGMB21	LSGMB14	LSGMB11	UNKGMB34	UNKGMB20	RSGMB7	LSGMB15	UNKGMB27	UNKGMB29	RSGMB1	LSGMB13	LSGMB20	UNKGMB33	LSGMB1	LSGMB17	UNKGMB35	LSGMB19	UNKGMB18	UNKGMB23	UNKGMB17	UNKGMB22	UNKGMB4	UNKGMB15	UNKGMB9	UNKGMB11
k__Archaea;p__Euryarchaeota	0.0	0.0	0.0	0.0	1.0	0.0	0.0	0.0	0.0	0.0	0.0	0.0	0.0	0.0	0.0	1.0	0.0	0.0	0.0	1.0	0.0	0.0	0.0	0.0	0.0	0.0	1.0	0.0	0.0	0.0	0.0	0.0	0.0	1.0	0.0	0.0	0.0	5.0	0.0	0.0	0.0	0.0	0.0	0.0	0.0	0.0	0.0	0.0	0.0
k__Bacteria;p__Actinobacteria	286.0	841.0	756.0	591.0	543.0	382.0	469.0	1004.0	108.0	155.0	635.0	196.0	543.0	663.0	580.0	199.0	663.0	1910.0	248.0	177.0	546.0	2638.0	2156.0	732.0	184.0	404.0	173.0	268.0	278.0	163.0	380.0	206.0	122.0	588.0	2420.0	550.0	289.0	527.0	445.0	180.0	415.0	2567.0	269.0	705.0	635.0	900.0	851.0	235.0	520.0
k__Bacteria;p__Bacteroidetes	439.0	234.0	1050.0	333.0	360.0	836.0	983.0	122.0	3200.0	1041.0	315.0	1638.0	347.0	263.0	71.0	969.0	134.0	369.0	1162.0	238.0	1126.0	535.0	140.0	235.0	2853.0	1198.0	1607.0	292.0	1891.0	149.0	904.0	417.0	734.0	152.0	705.0	273.0	1024.0	705.0	981.0	534.0	487.0	546.0	766.0	776.0	2010.0	96.0	383.0	167.0	182.0
k__Bacteria;p__Cyanobacteria	25.0	2.0	33.0	48.0	22.0	14.0	21.0	36.0	2.0	10.0	44.0	33.0	44.0	22.0	37.0	3.0	25.0	37.0	5.0	21.0	48.0	66.0	23.0	51.0	7.0	11.0	2.0	9.0	41.0	10.0	14.0	113.0	37.0	42.0	28.0	17.0	12.0	11.0	23.0	116.0	25.0	9.0	64.0	47.0	33.0	48.0	20.0	6.0	14.0
k__Bacteria;p__Firmicutes	73756.0	48201.0	52877.0	59792.0	62529.0	47172.0	69537.0	65636.0	50731.0	46521.0	59416.0	69701.0	67598.0	69992.0	57860.0	55927.0	44744.0	72867.0	67221.0	55963.0	62612.0	54085.0	59965.0	59134.0	59391.0	55067.0	79789.0	58347.0	47848.0	55188.0	57234.0	63581.0	52367.0	56437.0	56463.0	51486.0	56519.0	52158.0	66729.0	59554.0	59455.0	63368.0	37734.0	70993.0	57509.0	61393.0	58531.0	56091.0	49181.0
k__Bacteria;p__Proteobacteria	255.0	90.0	72.0	113.0	101.0	39.0	125.0	162.0	160.0	263.0	84.0	175.0	75.0	144.0	34.0	109.0	22.0	85.0	148.0	92.0	133.0	67.0	51.0	76.0	316.0	151.0	266.0	127.0	227.0	49.0	117.0	150.0	120.0	66.0	139.0	129.0	109.0	79.0	152.0	313.0	70.0	46.0	160.0	220.0	83.0	67.0	60.0	40.0	35.0
k__Bacteria;p__Spirochaetes	0.0	0.0	0.0	0.0	0.0	0.0	0.0	0.0	1.0	0.0	0.0	0.0	0.0	0.0	0.0	0.0	0.0	1.0	0.0	0.0	0.0	0.0	0.0	0.0	0.0	0.0	0.0	0.0	0.0	0.0	0.0	0.0	0.0	0.0	0.0	0.0	1.0	0.0	1.0	0.0	0.0	0.0	0.0	0.0	0.0	0.0	0.0	0.0	0.0
k__Bacteria;p__TM7	0.0	0.0	0.0	0.0	0.0	0.0	0.0	0.0	0.0	0.0	0.0	0.0	0.0	0.0	0.0	0.0	0.0	0.0	0.0	0.0	0.0	0.0	1.0	1.0	0.0	0.0	0.0	0.0	0.0	1.0	0.0	0.0	0.0	0.0	0.0	0.0	0.0	0.0	0.0	0.0	0.0	0.0	0.0	0.0	0.0	0.0	0.0	0.0	0.0
k__Bacteria;p__Tenericutes	592.0	2450.0	961.0	2327.0	1109.0	694.0	1485.0	1077.0	1552.0	1742.0	1677.0	267.0	1412.0	1721.0	2801.0	3644.0	5824.0	2253.0	240.0	3757.0	1256.0	1337.0	1842.0	1403.0	1930.0	956.0	85.0	1414.0	3126.0	2214.0	1433.0	1961.0	965.0	1191.0	974.0	1649.0	2490.0	1370.0	1274.0	2055.0	1019.0	464.0	3360.0	1314.0	1268.0	1629.0	3215.0	2725.0	2548.0
k__Bacteria;p__Verrucomicrobia	427.0	1.0	1546.0	689.0	1516.0	5131.0	1.0	8.0	9.0	0.0	109.0	0.0	33.0	1917.0	1081.0	284.0	2441.0	20.0	0.0	17.0	222.0	335.0	7.0	71.0	7.0	1.0	28.0	1.0	0.0	2639.0	0.0	2.0	4568.0	3462.0	1.0	6.0	0.0	848.0	1.0	44.0	2760.0	0.0	10.0	0.0	1.0	324.0	1755.0	579.0	672.0