# Constructed from biom file
#OTU ID	St_Patrick	Abita	Callopie	Alana	Unknown	Dyani	Abu	Captive_Baby	Marra	Nilsson	Unknown_FRC5	Nyx	Ariadne	Luna	Minerva	Jordan	Corey	Theodora	Bathsheba	Odysseus	Ivy	Ivanhoe	Octavia	Unknown_G2.3	Unknown_G2.2	Wings	Orf	Juniper	Azalea	Mimosa	Agate	Zanahoria	Rambo_II	Siobhan	Unknown_G2.1	Talia	LFG_AM (LFM)	LSG_AM (LSM)	LSG_AFO	LSG_Unknown	LSG_AFY	RSG_AM_2	RSG_AM (RSM)	RSG_SubAM_1	UNKG_Unknown_1	UNKG_Unknown_2	UNKG_Unknown_3	UNKG_Unknown_4	UNKG_Unknown_5	UNKG_Unknown_6	UNKG_Unknown_7	UNKG_Unknown_8	UNKG_Unknown_9	UNKG_Unknown_10	UNKG_Unknown_11	UNKG_Unknown_12	UNKG_Unknown_13	UNKG_Unknown_14	UNKG_Unknown_15	UNKG_Unknown_16	UNKG_Unknown_17	UNKG_Unknown_18	UNKG_Unknown_19	UNKG_Unknown_20	UNKG_Unknown_21	UNKG_Unknown_22	UNKG_Unknown_23	UNKG_Unknown_24	UNKG_Unknown_25	UNKG_Unknown_26	UNKG_Unknown_27	UNKG_Unknown_28	UNKG_Unknown_29	UNKG_Unknown_30	UNKG_Unknown_31	UNKG_Unknown_32	URG.1	URG.10	URG.11	URG.12	URG.13	URG.14	URG.2	URG.3	URG.4	URG.5	URG.6	URG.7	URG.8	URG.9
k__Archaea;p__Euryarchaeota;c__Methanobacteria;o__Methanobacteriales;f__Methanobacteriaceae;g__	8.0	4.0	28.0	2.0	8.0	3.0	0.0	0.0	0.0	0.0	13.0	13.0	41.0	12.0	12.0	0.0	10.0	48.0	8.0	12.0	20.0	2.0	2.0	8.0	4.0	4.0	5.0	3.0	0.0	22.0	16.0	0.0	1.0	24.0	20.0	17.0	0.0	0.0	0.0	0.0	0.0	0.0	0.0	0.0	0.0	0.0	0.0	0.0	0.0	0.0	0.0	0.0	0.0	0.0	0.0	0.0	0.0	0.0	0.0	0.0	0.0	0.0	0.0	0.0	0.0	0.0	0.0	0.0	0.0	0.0	0.0	0.0	0.0	0.0	0.0	0.0	0.0	0.0	12.0	3.0	6.0	1.0	7.0	8.0	5.0	4.0	12.0	3.0	3.0	5.0
k__Archaea;p__Euryarchaeota;c__Methanobacteria;o__Methanobacteriales;f__Methanobacteriaceae;g__Methanobrevibacter	467.0	161.0	903.0	227.0	406.0	145.0	0.0	0.0	0.0	0.0	784.0	478.0	722.0	309.0	333.0	17.0	157.0	1913.0	252.0	192.0	825.0	308.0	56.0	102.0	166.0	93.0	192.0	77.0	10.0	328.0	435.0	41.0	66.0	845.0	359.0	578.0	0.0	5.0	1.0	0.0	0.0	1.0	1.0	0.0	0.0	0.0	0.0	0.0	0.0	0.0	0.0	0.0	0.0	0.0	0.0	0.0	0.0	0.0	0.0	0.0	0.0	0.0	0.0	0.0	0.0	0.0	0.0	0.0	0.0	0.0	0.0	0.0	1.0	0.0	0.0	0.0	84.0	10.0	696.0	97.0	155.0	31.0	159.0	340.0	493.0	226.0	429.0	419.0	161.0	158.0
k__Archaea;p__Euryarchaeota;c__Methanobacteria;o__Methanobacteriales;f__Methanobacteriaceae;g__Methanosphaera	385.0	406.0	1101.0	183.0	177.0	135.0	0.0	0.0	0.0	0.0	550.0	765.0	991.0	609.0	320.0	8.0	445.0	2055.0	602.0	728.0	789.0	269.0	51.0	947.0	173.0	544.0	612.0	532.0	40.0	778.0	747.0	148.0	126.0	1266.0	526.0	812.0	0.0	0.0	0.0	0.0	0.0	0.0	0.0	0.0	0.0	0.0	0.0	0.0	0.0	0.0	0.0	0.0	0.0	0.0	0.0	0.0	0.0	0.0	0.0	0.0	0.0	0.0	0.0	0.0	0.0	0.0	0.0	1.0	0.0	0.0	0.0	0.0	0.0	0.0	0.0	0.0	259.0	31.0	688.0	158.0	387.0	165.0	330.0	334.0	416.0	313.0	756.0	463.0	115.0	330.0
k__Bacteria;p__Acidobacteria;c__Acidobacteria-6;o__iii1-15;f__;g__	0.0	0.0	0.0	0.0	0.0	0.0	0.0	0.0	0.0	0.0	0.0	0.0	1.0	0.0	0.0	0.0	1.0	0.0	0.0	0.0	0.0	0.0	0.0	0.0	1.0	0.0	1.0	0.0	0.0	0.0	0.0	0.0	0.0	1.0	0.0	1.0	0.0	0.0	0.0	0.0	0.0	0.0	0.0	0.0	0.0	0.0	0.0	0.0	0.0	0.0	0.0	0.0	0.0	0.0	0.0	0.0	0.0	0.0	0.0	0.0	0.0	0.0	0.0	0.0	0.0	0.0	0.0	0.0	0.0	0.0	0.0	0.0	0.0	0.0	0.0	0.0	0.0	0.0	0.0	0.0	0.0	0.0	0.0	0.0	0.0	0.0	2.0	0.0	0.0	0.0
k__Bacteria;p__Actinobacteria;c__Actinobacteria;o__Actinomycetales;f__Geodermatophilaceae;g__Geodermatophilus	0.0	0.0	0.0	0.0	0.0	0.0	0.0	0.0	0.0	0.0	0.0	0.0	0.0	0.0	0.0	0.0	0.0	0.0	0.0	0.0	0.0	0.0	0.0	0.0	0.0	1.0	1.0	1.0	0.0	0.0	0.0	0.0	0.0	0.0	0.0	0.0	0.0	0.0	0.0	0.0	0.0	0.0	0.0	0.0	0.0	0.0	0.0	0.0	0.0	0.0	0.0	0.0	0.0	0.0	0.0	0.0	0.0	0.0	0.0	0.0	0.0	0.0	0.0	0.0	0.0	0.0	0.0	0.0	0.0	0.0	0.0	0.0	0.0	0.0	0.0	0.0	0.0	0.0	0.0	0.0	0.0	0.0	0.0	0.0	0.0	2.0	2.0	1.0	0.0	0.0
k__Bacteria;p__Actinobacteria;c__Actinobacteria;o__Actinomycetales;f__Microbacteriaceae;g__Curtobacterium	1.0	0.0	0.0	1.0	0.0	0.0	0.0	0.0	0.0	0.0	0.0	0.0	0.0	0.0	0.0	3.0	0.0	0.0	0.0	0.0	0.0	0.0	0.0	0.0	0.0	0.0	0.0	0.0	0.0	1.0	0.0	0.0	0.0	0.0	0.0	0.0	0.0	0.0	0.0	0.0	0.0	0.0	0.0	0.0	0.0	0.0	0.0	0.0	1.0	2.0	0.0	0.0	0.0	0.0	0.0	0.0	0.0	0.0	0.0	0.0	0.0	0.0	0.0	0.0	0.0	0.0	0.0	0.0	0.0	0.0	0.0	0.0	0.0	0.0	0.0	0.0	0.0	0.0	0.0	0.0	0.0	0.0	0.0	0.0	0.0	0.0	0.0	0.0	0.0	0.0
k__Bacteria;p__Actinobacteria;c__Actinobacteria;o__Actinomycetales;f__Micrococcaceae;g__Arthrobacter	0.0	0.0	0.0	0.0	0.0	0.0	0.0	0.0	0.0	0.0	0.0	0.0	0.0	0.0	0.0	0.0	0.0	1.0	0.0	0.0	0.0	0.0	0.0	0.0	1.0	7.0	3.0	5.0	0.0	0.0	0.0	0.0	0.0	1.0	0.0	1.0	0.0	0.0	0.0	0.0	0.0	0.0	0.0	0.0	0.0	0.0	0.0	0.0	0.0	0.0	0.0	0.0	0.0	0.0	0.0	0.0	0.0	0.0	0.0	0.0	0.0	0.0	0.0	0.0	0.0	0.0	0.0	0.0	0.0	0.0	0.0	0.0	0.0	0.0	0.0	0.0	0.0	0.0	0.0	0.0	0.0	0.0	0.0	0.0	0.0	1.0	1.0	0.0	0.0	0.0
k__Bacteria;p__Actinobacteria;c__Actinobacteria;o__Actinomycetales;f__Micromonosporaceae;g__	0.0	0.0	0.0	0.0	0.0	0.0	0.0	0.0	0.0	0.0	0.0	0.0	0.0	0.0	1.0	0.0	0.0	0.0	0.0	0.0	0.0	0.0	0.0	0.0	0.0	0.0	2.0	1.0	0.0	0.0	0.0	0.0	0.0	1.0	1.0	0.0	0.0	0.0	0.0	0.0	0.0	0.0	0.0	0.0	0.0	0.0	0.0	0.0	0.0	0.0	0.0	0.0	0.0	0.0	0.0	0.0	0.0	0.0	0.0	0.0	0.0	0.0	0.0	0.0	0.0	0.0	0.0	0.0	0.0	0.0	0.0	0.0	0.0	0.0	0.0	0.0	0.0	1.0	0.0	0.0	0.0	0.0	0.0	0.0	0.0	0.0	0.0	0.0	0.0	0.0
k__Bacteria;p__Actinobacteria;c__Actinobacteria;o__Actinomycetales;f__Nocardioidaceae;g__	0.0	0.0	0.0	0.0	0.0	0.0	0.0	0.0	1.0	0.0	0.0	0.0	1.0	0.0	0.0	0.0	0.0	0.0	0.0	0.0	0.0	0.0	0.0	0.0	2.0	0.0	2.0	3.0	1.0	0.0	0.0	0.0	0.0	4.0	2.0	0.0	0.0	0.0	0.0	0.0	0.0	0.0	1.0	0.0	0.0	0.0	0.0	0.0	0.0	0.0	0.0	0.0	0.0	0.0	0.0	0.0	0.0	0.0	0.0	0.0	0.0	0.0	0.0	0.0	0.0	0.0	0.0	0.0	0.0	0.0	0.0	0.0	0.0	0.0	0.0	0.0	0.0	0.0	1.0	0.0	0.0	0.0	0.0	0.0	1.0	0.0	0.0	0.0	0.0	0.0
k__Bacteria;p__Actinobacteria;c__Actinobacteria;o__Actinomycetales;f__Pseudonocardiaceae;g__Pseudonocardia	0.0	0.0	0.0	0.0	0.0	0.0	0.0	0.0	0.0	0.0	0.0	0.0	0.0	0.0	0.0	0.0	0.0	0.0	0.0	0.0	0.0	0.0	0.0	0.0	0.0	0.0	0.0	1.0	0.0	0.0	0.0	1.0	0.0	1.0	0.0	1.0	0.0	0.0	0.0	0.0	0.0	0.0	0.0	0.0	0.0	0.0	0.0	0.0	0.0	0.0	0.0	0.0	0.0	0.0	0.0	0.0	0.0	0.0	0.0	0.0	0.0	0.0	0.0	0.0	0.0	0.0	0.0	0.0	0.0	0.0	0.0	0.0	0.0	0.0	0.0	0.0	0.0	0.0	0.0	0.0	0.0	1.0	0.0	0.0	0.0	1.0	0.0	0.0	0.0	0.0
k__Bacteria;p__Actinobacteria;c__Actinobacteria;o__Bifidobacteriales;f__Bifidobacteriaceae;g__Bifidobacterium	0.0	0.0	0.0	0.0	0.0	0.0	10.0	9468.0	0.0	0.0	0.0	0.0	0.0	0.0	0.0	0.0	0.0	0.0	0.0	0.0	0.0	0.0	0.0	0.0	0.0	0.0	0.0	0.0	0.0	0.0	0.0	0.0	0.0	0.0	0.0	0.0	0.0	0.0	0.0	0.0	0.0	0.0	0.0	0.0	0.0	0.0	0.0	1.0	0.0	0.0	0.0	0.0	0.0	0.0	0.0	0.0	0.0	0.0	1.0	0.0	0.0	0.0	0.0	0.0	0.0	0.0	0.0	0.0	0.0	0.0	0.0	0.0	0.0	0.0	0.0	0.0	0.0	0.0	0.0	0.0	0.0	0.0	0.0	2.0	0.0	0.0	0.0	1.0	0.0	0.0
k__Bacteria;p__Actinobacteria;c__Coriobacteriia;o__Coriobacteriales;f__Coriobacteriaceae;g__	74.0	204.0	465.0	103.0	39.0	109.0	126.0	3.0	1225.0	103.0	222.0	296.0	423.0	243.0	235.0	197.0	187.0	340.0	179.0	120.0	549.0	304.0	47.0	256.0	114.0	165.0	559.0	170.0	89.0	142.0	279.0	92.0	79.0	617.0	192.0	147.0	475.0	1224.0	588.0	1770.0	699.0	389.0	1234.0	59.0	630.0	360.0	1287.0	1447.0	2112.0	597.0	540.0	2340.0	579.0	196.0	110.0	478.0	191.0	69.0	102.0	75.0	135.0	126.0	55.0	476.0	216.0	181.0	113.0	130.0	170.0	195.0	668.0	811.0	251.0	343.0	514.0	75.0	129.0	1746.0	340.0	86.0	179.0	101.0	118.0	155.0	216.0	163.0	224.0	213.0	129.0	120.0
k__Bacteria;p__Actinobacteria;c__Coriobacteriia;o__Coriobacteriales;f__Coriobacteriaceae;g__Adlercreutzia	3.0	6.0	5.0	1.0	0.0	0.0	2.0	0.0	0.0	2.0	2.0	1.0	6.0	3.0	0.0	1.0	5.0	7.0	3.0	3.0	5.0	2.0	0.0	9.0	4.0	4.0	5.0	7.0	0.0	1.0	2.0	0.0	0.0	5.0	0.0	3.0	143.0	645.0	387.0	446.0	212.0	105.0	467.0	93.0	152.0	131.0	428.0	448.0	135.0	181.0	142.0	100.0	139.0	62.0	65.0	133.0	72.0	34.0	134.0	73.0	66.0	61.0	65.0	46.0	51.0	77.0	57.0	62.0	100.0	175.0	174.0	94.0	277.0	216.0	190.0	154.0	7.0	0.0	7.0	3.0	8.0	1.0	3.0	1.0	4.0	10.0	4.0	1.0	3.0	2.0
k__Bacteria;p__Actinobacteria;c__Coriobacteriia;o__Coriobacteriales;f__Coriobacteriaceae;g__Atopobium	1.0	4.0	10.0	4.0	2.0	3.0	0.0	0.0	40.0	0.0	11.0	2.0	11.0	5.0	5.0	1.0	7.0	8.0	7.0	2.0	11.0	18.0	3.0	20.0	5.0	1.0	7.0	3.0	0.0	1.0	1.0	8.0	2.0	7.0	8.0	4.0	45.0	112.0	23.0	203.0	108.0	94.0	260.0	11.0	59.0	29.0	195.0	260.0	390.0	70.0	23.0	127.0	38.0	20.0	9.0	24.0	6.0	5.0	11.0	7.0	5.0	9.0	2.0	24.0	22.0	10.0	10.0	7.0	16.0	12.0	58.0	99.0	15.0	32.0	28.0	6.0	5.0	78.0	17.0	0.0	12.0	3.0	0.0	2.0	9.0	4.0	14.0	2.0	5.0	9.0
k__Bacteria;p__Actinobacteria;c__Coriobacteriia;o__Coriobacteriales;f__Coriobacteriaceae;g__Collinsella	13.0	56.0	67.0	24.0	12.0	38.0	6.0	27.0	85.0	0.0	12.0	21.0	28.0	29.0	9.0	7.0	35.0	45.0	19.0	40.0	22.0	9.0	3.0	70.0	24.0	62.0	130.0	55.0	22.0	12.0	26.0	12.0	15.0	32.0	25.0	43.0	0.0	0.0	0.0	1.0	0.0	0.0	0.0	0.0	0.0	0.0	0.0	0.0	0.0	0.0	0.0	0.0	0.0	0.0	0.0	0.0	0.0	0.0	0.0	0.0	0.0	0.0	0.0	0.0	0.0	0.0	0.0	0.0	0.0	0.0	0.0	0.0	0.0	0.0	0.0	0.0	21.0	21.0	28.0	5.0	29.0	16.0	14.0	7.0	16.0	29.0	26.0	25.0	10.0	24.0
k__Bacteria;p__Actinobacteria;c__Thermoleophilia;o__Gaiellales;f__Gaiellaceae;g__	0.0	0.0	0.0	0.0	0.0	0.0	0.0	0.0	0.0	0.0	0.0	0.0	0.0	0.0	1.0	0.0	1.0	0.0	0.0	0.0	0.0	0.0	0.0	0.0	1.0	0.0	3.0	0.0	0.0	0.0	0.0	0.0	0.0	3.0	0.0	0.0	0.0	0.0	0.0	0.0	0.0	0.0	0.0	0.0	0.0	0.0	0.0	0.0	0.0	0.0	0.0	0.0	0.0	0.0	0.0	0.0	0.0	0.0	0.0	0.0	0.0	0.0	0.0	0.0	0.0	0.0	0.0	0.0	0.0	0.0	0.0	0.0	0.0	0.0	0.0	0.0	0.0	0.0	0.0	0.0	1.0	0.0	0.0	0.0	0.0	0.0	0.0	0.0	0.0	0.0
k__Bacteria;p__Actinobacteria;c__Thermoleophilia;o__Solirubrobacterales;f__;g__	0.0	0.0	0.0	0.0	0.0	0.0	0.0	0.0	0.0	0.0	0.0	0.0	0.0	0.0	0.0	0.0	0.0	0.0	0.0	0.0	2.0	1.0	0.0	0.0	4.0	0.0	3.0	3.0	0.0	0.0	0.0	0.0	0.0	9.0	0.0	3.0	0.0	0.0	0.0	0.0	0.0	0.0	0.0	0.0	0.0	0.0	0.0	0.0	0.0	0.0	0.0	0.0	0.0	0.0	0.0	0.0	0.0	0.0	0.0	0.0	0.0	0.0	0.0	0.0	0.0	0.0	0.0	0.0	0.0	0.0	0.0	0.0	0.0	0.0	0.0	0.0	0.0	1.0	0.0	1.0	0.0	0.0	0.0	0.0	0.0	1.0	1.0	0.0	1.0	0.0
k__Bacteria;p__Actinobacteria;c__Thermoleophilia;o__Solirubrobacterales;f__Patulibacteraceae;g__	0.0	0.0	0.0	0.0	0.0	0.0	0.0	0.0	0.0	0.0	0.0	0.0	0.0	0.0	1.0	0.0	2.0	0.0	0.0	0.0	1.0	0.0	0.0	0.0	1.0	0.0	1.0	2.0	0.0	0.0	0.0	0.0	0.0	4.0	0.0	2.0	0.0	0.0	0.0	0.0	0.0	0.0	0.0	0.0	0.0	0.0	0.0	0.0	0.0	1.0	0.0	0.0	0.0	0.0	0.0	0.0	0.0	0.0	0.0	0.0	0.0	0.0	0.0	0.0	0.0	0.0	0.0	0.0	0.0	0.0	0.0	0.0	0.0	0.0	0.0	0.0	0.0	0.0	0.0	0.0	0.0	1.0	0.0	1.0	0.0	1.0	0.0	0.0	0.0	0.0
k__Bacteria;p__Actinobacteria;c__Thermoleophilia;o__Solirubrobacterales;f__Solirubrobacteraceae;g__	0.0	1.0	0.0	0.0	0.0	0.0	0.0	0.0	0.0	0.0	0.0	0.0	0.0	0.0	2.0	0.0	0.0	0.0	0.0	0.0	1.0	1.0	0.0	0.0	5.0	0.0	12.0	9.0	0.0	0.0	0.0	0.0	1.0	11.0	0.0	4.0	0.0	0.0	0.0	0.0	0.0	0.0	0.0	0.0	0.0	0.0	0.0	0.0	0.0	0.0	0.0	0.0	0.0	0.0	0.0	0.0	0.0	0.0	0.0	0.0	0.0	0.0	0.0	0.0	0.0	0.0	0.0	0.0	0.0	0.0	0.0	0.0	0.0	0.0	0.0	0.0	0.0	2.0	0.0	0.0	1.0	0.0	0.0	0.0	0.0	0.0	3.0	0.0	1.0	0.0
k__Bacteria;p__Actinobacteria;c__Thermoleophilia;o__Solirubrobacterales;f__Solirubrobacteraceae;g__Solirubrobacter	0.0	0.0	0.0	0.0	0.0	0.0	0.0	0.0	0.0	0.0	0.0	0.0	0.0	0.0	1.0	0.0	2.0	0.0	0.0	0.0	1.0	0.0	0.0	0.0	4.0	1.0	17.0	12.0	0.0	0.0	0.0	0.0	0.0	17.0	4.0	3.0	0.0	0.0	0.0	0.0	0.0	0.0	1.0	0.0	0.0	0.0	0.0	0.0	0.0	0.0	0.0	0.0	0.0	0.0	0.0	0.0	0.0	0.0	0.0	0.0	0.0	0.0	0.0	0.0	0.0	0.0	0.0	0.0	0.0	0.0	0.0	0.0	0.0	0.0	0.0	0.0	0.0	0.0	1.0	0.0	0.0	0.0	0.0	1.0	0.0	1.0	2.0	0.0	0.0	1.0
k__Bacteria;p__Bacteroidetes;c__Bacteroidia;o__Bacteroidales;f__;g__	4.0	1.0	91.0	998.0	133.0	198.0	162.0	0.0	5886.0	0.0	9.0	27.0	144.0	4.0	1.0	14.0	63.0	22.0	3.0	124.0	1691.0	142.0	133.0	6.0	391.0	88.0	57.0	163.0	57.0	6.0	516.0	56.0	147.0	69.0	2812.0	3147.0	0.0	0.0	0.0	0.0	0.0	0.0	1.0	0.0	0.0	1.0	0.0	0.0	0.0	0.0	0.0	0.0	0.0	0.0	0.0	0.0	0.0	0.0	0.0	0.0	0.0	0.0	0.0	0.0	2.0	0.0	0.0	0.0	0.0	0.0	0.0	0.0	0.0	0.0	0.0	0.0	29.0	1.0	460.0	570.0	69.0	99.0	33.0	34.0	22.0	473.0	458.0	319.0	19.0	23.0
k__Bacteria;p__Bacteroidetes;c__Bacteroidia;o__Bacteroidales;f__BS11;g__	0.0	0.0	0.0	0.0	0.0	0.0	0.0	1.0	0.0	0.0	0.0	0.0	2.0	0.0	0.0	0.0	1.0	0.0	0.0	0.0	0.0	0.0	0.0	0.0	1.0	0.0	0.0	0.0	1.0	0.0	0.0	0.0	0.0	1.0	0.0	0.0	0.0	0.0	0.0	0.0	0.0	0.0	2.0	1.0	0.0	0.0	0.0	1.0	0.0	0.0	0.0	0.0	0.0	0.0	0.0	1.0	0.0	0.0	1.0	0.0	0.0	0.0	0.0	0.0	0.0	0.0	0.0	0.0	0.0	0.0	0.0	0.0	0.0	0.0	0.0	0.0	0.0	0.0	0.0	1.0	0.0	0.0	0.0	0.0	0.0	0.0	0.0	0.0	0.0	0.0
k__Bacteria;p__Bacteroidetes;c__Bacteroidia;o__Bacteroidales;f__Bacteroidaceae;g__Bacteroides	0.0	0.0	0.0	0.0	0.0	0.0	682.0	381.0	3619.0	345.0	0.0	0.0	0.0	2.0	0.0	0.0	0.0	0.0	1.0	0.0	0.0	0.0	0.0	1.0	0.0	0.0	0.0	0.0	0.0	0.0	0.0	1.0	0.0	0.0	0.0	0.0	0.0	1.0	0.0	0.0	0.0	1.0	1.0	0.0	0.0	0.0	0.0	0.0	6.0	0.0	13.0	0.0	13.0	0.0	0.0	1.0	6.0	0.0	0.0	1.0	1.0	0.0	6.0	0.0	0.0	0.0	0.0	0.0	0.0	0.0	1.0	1.0	0.0	0.0	0.0	0.0	0.0	0.0	0.0	0.0	1.0	0.0	1.0	1.0	1.0	0.0	0.0	0.0	0.0	0.0
k__Bacteria;p__Bacteroidetes;c__Bacteroidia;o__Bacteroidales;f__Porphyromonadaceae;g__Dysgonomonas	0.0	0.0	0.0	0.0	0.0	0.0	0.0	0.0	0.0	0.0	0.0	0.0	0.0	0.0	0.0	0.0	0.0	0.0	0.0	0.0	0.0	0.0	0.0	0.0	0.0	0.0	0.0	0.0	0.0	0.0	0.0	0.0	0.0	0.0	0.0	0.0	0.0	1.0	0.0	0.0	2.0	0.0	4.0	0.0	1.0	0.0	0.0	0.0	0.0	0.0	0.0	0.0	0.0	0.0	0.0	0.0	0.0	0.0	0.0	0.0	0.0	0.0	0.0	0.0	0.0	3.0	0.0	0.0	0.0	0.0	0.0	0.0	0.0	0.0	5.0	0.0	0.0	0.0	0.0	0.0	0.0	0.0	0.0	0.0	0.0	0.0	0.0	0.0	0.0	0.0
k__Bacteria;p__Bacteroidetes;c__Bacteroidia;o__Bacteroidales;f__Porphyromonadaceae;g__Tannerella	9.0	70.0	199.0	74.0	56.0	78.0	0.0	0.0	384.0	0.0	76.0	11.0	63.0	22.0	42.0	35.0	19.0	27.0	50.0	57.0	49.0	15.0	56.0	19.0	9.0	28.0	64.0	30.0	13.0	15.0	54.0	55.0	28.0	64.0	74.0	23.0	0.0	0.0	0.0	0.0	0.0	0.0	0.0	0.0	0.0	0.0	0.0	0.0	0.0	0.0	0.0	0.0	0.0	0.0	0.0	0.0	0.0	0.0	0.0	0.0	0.0	0.0	0.0	0.0	0.0	0.0	0.0	0.0	0.0	0.0	0.0	0.0	0.0	0.0	0.0	0.0	17.0	32.0	41.0	21.0	10.0	15.0	27.0	20.0	29.0	23.0	29.0	34.0	20.0	25.0
k__Bacteria;p__Bacteroidetes;c__Bacteroidia;o__Bacteroidales;f__Prevotellaceae;g__Prevotella	8.0	5.0	4.0	10.0	6.0	17.0	40.0	0.0	35.0	6.0	2.0	9.0	11.0	4.0	2.0	1.0	3.0	0.0	14.0	13.0	7.0	1.0	24.0	3.0	6.0	1.0	12.0	1.0	7.0	3.0	4.0	3.0	16.0	7.0	19.0	12.0	0.0	0.0	0.0	0.0	0.0	0.0	0.0	0.0	0.0	0.0	0.0	0.0	0.0	0.0	0.0	0.0	0.0	0.0	0.0	0.0	0.0	0.0	0.0	0.0	0.0	0.0	0.0	0.0	0.0	0.0	0.0	0.0	0.0	0.0	0.0	0.0	0.0	0.0	0.0	0.0	1.0	92.0	33.0	6.0	9.0	7.0	3.0	14.0	16.0	8.0	17.0	7.0	0.0	1.0
k__Bacteria;p__Bacteroidetes;c__Bacteroidia;o__Bacteroidales;f__Rikenellaceae;g__	0.0	1.0	1.0	1.0	2.0	3.0	6.0	0.0	0.0	2.0	0.0	0.0	1.0	0.0	0.0	0.0	0.0	0.0	0.0	0.0	0.0	0.0	0.0	0.0	0.0	0.0	0.0	0.0	0.0	0.0	0.0	0.0	0.0	0.0	0.0	0.0	6.0	60.0	10.0	2.0	5.0	6.0	45.0	0.0	8.0	4.0	0.0	2.0	0.0	6.0	0.0	0.0	1.0	5.0	10.0	14.0	2.0	1.0	0.0	2.0	4.0	0.0	0.0	7.0	2.0	3.0	7.0	23.0	14.0	6.0	11.0	2.0	2.0	9.0	6.0	5.0	0.0	1.0	1.0	0.0	1.0	0.0	0.0	0.0	0.0	0.0	0.0	0.0	0.0	0.0
k__Bacteria;p__Bacteroidetes;c__Bacteroidia;o__Bacteroidales;f__Rikenellaceae;g__Alistipes	0.0	0.0	0.0	0.0	0.0	0.0	3.0	0.0	1.0	4.0	0.0	0.0	0.0	0.0	0.0	0.0	0.0	0.0	0.0	0.0	0.0	0.0	0.0	0.0	0.0	0.0	0.0	0.0	0.0	0.0	0.0	0.0	0.0	0.0	0.0	0.0	0.0	47.0	34.0	13.0	31.0	11.0	24.0	0.0	0.0	10.0	16.0	3.0	0.0	13.0	18.0	3.0	29.0	0.0	6.0	22.0	30.0	0.0	0.0	0.0	52.0	0.0	0.0	12.0	9.0	13.0	13.0	7.0	5.0	10.0	0.0	0.0	0.0	7.0	8.0	3.0	0.0	0.0	0.0	0.0	0.0	0.0	0.0	0.0	0.0	0.0	0.0	0.0	0.0	0.0
k__Bacteria;p__Bacteroidetes;c__Bacteroidia;o__Bacteroidales;f__S24-7;g__	0.0	66.0	0.0	0.0	1.0	0.0	8.0	0.0	0.0	4.0	25.0	0.0	393.0	0.0	279.0	15.0	68.0	15.0	2.0	36.0	1218.0	0.0	90.0	204.0	178.0	100.0	97.0	112.0	425.0	34.0	109.0	74.0	584.0	0.0	1.0	10.0	255.0	2593.0	3448.0	690.0	1217.0	134.0	711.0	148.0	225.0	167.0	353.0	134.0	524.0	363.0	745.0	543.0	1006.0	1886.0	2833.0	1968.0	728.0	3199.0	1161.0	1038.0	359.0	1637.0	728.0	1107.0	1011.0	273.0	514.0	939.0	420.0	820.0	80.0	117.0	358.0	316.0	213.0	158.0	221.0	30.0	178.0	558.0	184.0	171.0	174.0	446.0	309.0	667.0	113.0	895.0	173.0	189.0
k__Bacteria;p__Bacteroidetes;c__Flavobacteriia;o__Flavobacteriales;f__[Weeksellaceae];g__Cloacibacterium	0.0	0.0	1.0	0.0	0.0	0.0	0.0	0.0	2.0	0.0	0.0	0.0	0.0	1.0	0.0	0.0	0.0	2.0	0.0	1.0	0.0	0.0	0.0	1.0	1.0	1.0	0.0	1.0	1.0	1.0	0.0	1.0	0.0	1.0	1.0	0.0	2.0	3.0	0.0	0.0	1.0	0.0	2.0	0.0	0.0	0.0	0.0	0.0	5.0	1.0	0.0	0.0	1.0	0.0	4.0	4.0	0.0	0.0	0.0	0.0	1.0	1.0	0.0	0.0	0.0	0.0	0.0	0.0	0.0	0.0	4.0	2.0	0.0	1.0	3.0	1.0	0.0	0.0	0.0	0.0	0.0	0.0	0.0	0.0	0.0	0.0	0.0	1.0	0.0	0.0
k__Bacteria;p__Chloroflexi;c__Ellin6529;o__;f__;g__	0.0	0.0	0.0	0.0	0.0	0.0	0.0	0.0	0.0	0.0	0.0	0.0	0.0	0.0	0.0	0.0	0.0	0.0	0.0	0.0	0.0	0.0	0.0	0.0	4.0	0.0	7.0	1.0	0.0	0.0	0.0	0.0	0.0	3.0	0.0	1.0	0.0	0.0	0.0	0.0	0.0	0.0	0.0	0.0	0.0	0.0	0.0	0.0	0.0	0.0	0.0	0.0	0.0	0.0	0.0	0.0	0.0	0.0	0.0	0.0	0.0	0.0	0.0	0.0	0.0	0.0	0.0	0.0	0.0	0.0	0.0	0.0	0.0	0.0	0.0	0.0	0.0	0.0	0.0	0.0	0.0	0.0	0.0	0.0	0.0	0.0	1.0	1.0	0.0	0.0
k__Bacteria;p__Cyanobacteria;c__4C0d-2;o__YS2;f__;g__	2.0	30.0	12.0	17.0	11.0	12.0	13.0	204.0	0.0	9.0	63.0	3.0	8.0	14.0	6.0	7.0	8.0	4.0	7.0	51.0	10.0	3.0	67.0	7.0	64.0	54.0	37.0	95.0	73.0	15.0	27.0	16.0	28.0	1.0	92.0	6.0	22.0	91.0	39.0	28.0	38.0	42.0	127.0	10.0	2.0	14.0	37.0	23.0	66.0	20.0	47.0	9.0	33.0	41.0	7.0	33.0	64.0	2.0	5.0	10.0	113.0	33.0	37.0	48.0	12.0	9.0	116.0	3.0	25.0	14.0	48.0	36.0	22.0	48.0	51.0	6.0	15.0	2.0	10.0	26.0	6.0	21.0	41.0	18.0	26.0	20.0	15.0	36.0	24.0	6.0
k__Bacteria;p__Elusimicrobia;c__Elusimicrobia;o__Elusimicrobiales;f__Elusimicrobiaceae;g__	0.0	1.0	1.0	0.0	0.0	0.0	6.0	2.0	0.0	0.0	0.0	0.0	4.0	0.0	4.0	0.0	0.0	0.0	1.0	1.0	6.0	0.0	0.0	0.0	0.0	0.0	0.0	0.0	0.0	0.0	0.0	0.0	0.0	0.0	0.0	0.0	0.0	0.0	0.0	0.0	0.0	0.0	0.0	0.0	0.0	0.0	0.0	0.0	0.0	0.0	0.0	0.0	0.0	0.0	0.0	0.0	0.0	0.0	0.0	0.0	0.0	0.0	0.0	0.0	0.0	0.0	0.0	0.0	0.0	0.0	0.0	0.0	0.0	0.0	0.0	0.0	1.0	0.0	0.0	0.0	0.0	1.0	2.0	0.0	0.0	0.0	0.0	1.0	0.0	0.0
k__Bacteria;p__Firmicutes;c__Bacilli;o__Bacillales;f__Bacillaceae;g__	0.0	1.0	0.0	0.0	0.0	0.0	0.0	0.0	0.0	0.0	0.0	0.0	0.0	0.0	0.0	0.0	0.0	0.0	0.0	0.0	0.0	0.0	0.0	0.0	0.0	65.0	0.0	1.0	1.0	0.0	0.0	0.0	0.0	2.0	0.0	11.0	0.0	22.0	0.0	0.0	0.0	0.0	0.0	1.0	0.0	0.0	0.0	0.0	0.0	0.0	0.0	0.0	0.0	0.0	0.0	0.0	0.0	0.0	0.0	0.0	0.0	1.0	0.0	0.0	0.0	0.0	0.0	0.0	3.0	0.0	0.0	0.0	0.0	0.0	0.0	0.0	0.0	0.0	0.0	0.0	0.0	0.0	0.0	0.0	0.0	0.0	0.0	0.0	0.0	0.0
k__Bacteria;p__Firmicutes;c__Bacilli;o__Bacillales;f__Bacillaceae;g__Bacillus	0.0	1.0	0.0	0.0	0.0	0.0	0.0	0.0	0.0	0.0	0.0	0.0	0.0	0.0	0.0	0.0	0.0	0.0	0.0	0.0	0.0	0.0	0.0	0.0	2.0	0.0	13.0	7.0	0.0	0.0	0.0	0.0	1.0	3.0	2.0	2.0	0.0	3.0	2.0	0.0	0.0	0.0	1.0	0.0	0.0	0.0	0.0	0.0	1.0	0.0	0.0	0.0	0.0	0.0	0.0	0.0	0.0	0.0	1.0	0.0	0.0	0.0	0.0	0.0	0.0	0.0	0.0	1.0	0.0	0.0	0.0	2.0	0.0	1.0	0.0	0.0	0.0	0.0	1.0	0.0	3.0	0.0	0.0	0.0	1.0	0.0	4.0	0.0	0.0	0.0
k__Bacteria;p__Firmicutes;c__Bacilli;o__Bacillales;f__Planococcaceae;g__Kurthia	0.0	3.0	1.0	0.0	0.0	0.0	0.0	0.0	0.0	0.0	1.0	0.0	0.0	0.0	0.0	0.0	0.0	0.0	0.0	0.0	0.0	0.0	0.0	0.0	0.0	31.0	0.0	0.0	0.0	0.0	0.0	0.0	0.0	0.0	0.0	2.0	0.0	1750.0	1.0	2.0	0.0	0.0	1.0	19.0	0.0	0.0	0.0	0.0	2.0	0.0	0.0	0.0	0.0	0.0	0.0	0.0	0.0	0.0	2.0	0.0	0.0	11.0	0.0	0.0	0.0	0.0	0.0	0.0	18.0	0.0	0.0	0.0	0.0	0.0	3.0	1.0	0.0	0.0	0.0	0.0	0.0	0.0	0.0	0.0	0.0	0.0	0.0	0.0	0.0	0.0
k__Bacteria;p__Firmicutes;c__Bacilli;o__Bacillales;f__Planococcaceae;g__Solibacillus	0.0	10.0	7.0	0.0	0.0	0.0	0.0	0.0	0.0	0.0	0.0	0.0	0.0	0.0	0.0	0.0	0.0	0.0	0.0	0.0	0.0	0.0	0.0	0.0	0.0	0.0	1.0	1.0	2.0	0.0	2.0	0.0	0.0	0.0	0.0	33.0	0.0	0.0	0.0	0.0	0.0	0.0	0.0	0.0	0.0	0.0	0.0	0.0	0.0	0.0	0.0	0.0	0.0	0.0	0.0	0.0	0.0	0.0	0.0	0.0	0.0	0.0	0.0	0.0	0.0	0.0	0.0	0.0	6.0	0.0	0.0	0.0	0.0	0.0	0.0	0.0	0.0	0.0	0.0	0.0	0.0	0.0	0.0	0.0	0.0	0.0	0.0	0.0	0.0	0.0
k__Bacteria;p__Firmicutes;c__Bacilli;o__Bacillales;f__Planococcaceae;g__Viridibacillus	0.0	0.0	0.0	0.0	0.0	0.0	0.0	0.0	0.0	0.0	0.0	0.0	0.0	0.0	0.0	0.0	0.0	0.0	0.0	0.0	0.0	0.0	0.0	0.0	0.0	3.0	1.0	4.0	13.0	0.0	0.0	0.0	0.0	0.0	0.0	1.0	0.0	1.0	0.0	0.0	0.0	0.0	0.0	0.0	0.0	0.0	0.0	0.0	0.0	0.0	0.0	0.0	0.0	0.0	0.0	0.0	0.0	0.0	0.0	0.0	0.0	0.0	0.0	0.0	0.0	0.0	0.0	0.0	0.0	0.0	0.0	0.0	0.0	0.0	0.0	0.0	0.0	0.0	0.0	0.0	0.0	0.0	0.0	0.0	0.0	0.0	0.0	0.0	0.0	0.0
k__Bacteria;p__Firmicutes;c__Bacilli;o__Bacillales;f__Staphylococcaceae;g__Staphylococcus	0.0	0.0	1.0	0.0	0.0	0.0	0.0	0.0	0.0	0.0	6.0	0.0	0.0	0.0	0.0	0.0	0.0	0.0	0.0	1.0	0.0	0.0	0.0	0.0	0.0	0.0	0.0	0.0	0.0	0.0	0.0	0.0	2.0	0.0	0.0	0.0	0.0	0.0	0.0	0.0	0.0	0.0	0.0	0.0	0.0	0.0	0.0	0.0	0.0	0.0	0.0	0.0	0.0	0.0	0.0	0.0	0.0	0.0	0.0	0.0	0.0	0.0	0.0	0.0	0.0	0.0	0.0	0.0	0.0	0.0	1.0	0.0	0.0	0.0	0.0	0.0	0.0	0.0	0.0	0.0	0.0	0.0	0.0	0.0	0.0	0.0	1.0	0.0	0.0	0.0
k__Bacteria;p__Firmicutes;c__Bacilli;o__Gemellales;f__Gemellaceae;g__	0.0	0.0	1.0	0.0	0.0	1.0	1.0	1.0	8.0	0.0	0.0	1.0	0.0	0.0	0.0	0.0	0.0	0.0	0.0	1.0	0.0	1.0	0.0	0.0	0.0	0.0	0.0	1.0	0.0	0.0	0.0	0.0	0.0	0.0	0.0	0.0	0.0	0.0	0.0	0.0	0.0	0.0	0.0	0.0	0.0	0.0	0.0	0.0	0.0	0.0	0.0	0.0	0.0	0.0	0.0	0.0	0.0	0.0	0.0	0.0	0.0	0.0	0.0	0.0	0.0	0.0	0.0	0.0	0.0	0.0	0.0	0.0	0.0	0.0	0.0	0.0	0.0	0.0	0.0	0.0	0.0	0.0	0.0	0.0	0.0	0.0	1.0	0.0	0.0	0.0
k__Bacteria;p__Firmicutes;c__Bacilli;o__Lactobacillales;f__Enterococcaceae;g__Enterococcus	0.0	2.0	0.0	0.0	0.0	0.0	0.0	12.0	39.0	1.0	1.0	0.0	0.0	2.0	0.0	0.0	0.0	0.0	0.0	0.0	0.0	0.0	0.0	0.0	0.0	1.0	1.0	0.0	1.0	0.0	0.0	0.0	0.0	0.0	0.0	7.0	0.0	2276.0	0.0	3.0	0.0	1.0	2.0	0.0	0.0	0.0	2.0	0.0	0.0	1.0	0.0	0.0	0.0	0.0	0.0	0.0	0.0	0.0	0.0	0.0	0.0	3.0	0.0	0.0	0.0	0.0	0.0	0.0	5.0	0.0	0.0	1.0	0.0	0.0	0.0	2.0	0.0	0.0	0.0	0.0	0.0	1.0	0.0	0.0	0.0	0.0	0.0	0.0	0.0	0.0
k__Bacteria;p__Firmicutes;c__Bacilli;o__Lactobacillales;f__Lactobacillaceae;g__Lactobacillus	0.0	1.0	1.0	0.0	0.0	0.0	0.0	282.0	0.0	0.0	0.0	2.0	0.0	0.0	3.0	0.0	0.0	1.0	0.0	2.0	2.0	0.0	0.0	5.0	2.0	10.0	10.0	1.0	7.0	0.0	4.0	0.0	0.0	2.0	1.0	0.0	0.0	0.0	0.0	0.0	0.0	0.0	0.0	0.0	0.0	0.0	0.0	0.0	0.0	0.0	0.0	0.0	0.0	0.0	0.0	0.0	0.0	0.0	0.0	0.0	0.0	0.0	0.0	0.0	0.0	0.0	0.0	0.0	0.0	0.0	0.0	0.0	0.0	0.0	0.0	0.0	1.0	36.0	0.0	0.0	0.0	0.0	0.0	0.0	0.0	0.0	0.0	2.0	0.0	0.0
k__Bacteria;p__Firmicutes;c__Bacilli;o__Lactobacillales;f__Leuconostocaceae;g__	4.0	9.0	16.0	1.0	1.0	2.0	4.0	2.0	1.0	4.0	3.0	20.0	4.0	0.0	2.0	1.0	0.0	8.0	2.0	7.0	14.0	1.0	3.0	0.0	0.0	0.0	0.0	0.0	0.0	0.0	0.0	0.0	0.0	0.0	0.0	0.0	0.0	0.0	0.0	0.0	0.0	0.0	0.0	0.0	0.0	0.0	0.0	0.0	0.0	0.0	0.0	0.0	0.0	0.0	0.0	0.0	0.0	0.0	0.0	0.0	0.0	0.0	0.0	0.0	0.0	0.0	0.0	0.0	1.0	0.0	0.0	0.0	0.0	0.0	0.0	0.0	0.0	0.0	0.0	0.0	0.0	0.0	0.0	0.0	0.0	0.0	0.0	0.0	0.0	0.0
k__Bacteria;p__Firmicutes;c__Bacilli;o__Lactobacillales;f__Leuconostocaceae;g__Leuconostoc	2.0	1.0	7.0	0.0	3.0	3.0	4.0	8.0	2.0	3.0	0.0	10.0	2.0	0.0	2.0	4.0	0.0	5.0	2.0	3.0	14.0	2.0	0.0	0.0	0.0	0.0	0.0	0.0	0.0	0.0	0.0	0.0	0.0	0.0	0.0	0.0	0.0	0.0	0.0	0.0	0.0	0.0	0.0	0.0	0.0	0.0	0.0	0.0	0.0	0.0	0.0	0.0	0.0	0.0	0.0	0.0	0.0	0.0	0.0	0.0	0.0	0.0	0.0	0.0	0.0	0.0	0.0	0.0	0.0	0.0	0.0	0.0	0.0	0.0	0.0	0.0	0.0	0.0	0.0	0.0	0.0	0.0	0.0	0.0	0.0	0.0	0.0	0.0	0.0	0.0
k__Bacteria;p__Firmicutes;c__Bacilli;o__Lactobacillales;f__Streptococcaceae;g__Lactococcus	2.0	12.0	205.0	0.0	4.0	5.0	5.0	30.0	0.0	1.0	3.0	25.0	5.0	0.0	2.0	6.0	0.0	6.0	0.0	11.0	17.0	3.0	2.0	0.0	0.0	9.0	0.0	1.0	1.0	0.0	0.0	0.0	0.0	0.0	0.0	40.0	0.0	73.0	0.0	1.0	0.0	0.0	0.0	0.0	0.0	0.0	0.0	0.0	0.0	0.0	0.0	0.0	0.0	0.0	0.0	0.0	0.0	0.0	0.0	0.0	0.0	0.0	0.0	0.0	0.0	0.0	0.0	0.0	12.0	0.0	0.0	0.0	0.0	0.0	0.0	0.0	0.0	0.0	0.0	0.0	0.0	0.0	0.0	0.0	0.0	1.0	0.0	0.0	0.0	0.0
k__Bacteria;p__Firmicutes;c__Bacilli;o__Lactobacillales;f__Streptococcaceae;g__Streptococcus	31.0	90.0	39.0	0.0	0.0	5.0	5.0	14708.0	29.0	4.0	17.0	141.0	78.0	68.0	97.0	16.0	14.0	45.0	4.0	69.0	34.0	1.0	2.0	151.0	54.0	582.0	645.0	59.0	436.0	15.0	51.0	11.0	10.0	169.0	25.0	51.0	2.0	0.0	1.0	1.0	0.0	0.0	3.0	2.0	0.0	0.0	0.0	0.0	1.0	1.0	0.0	3.0	2.0	0.0	0.0	2.0	1.0	0.0	0.0	0.0	0.0	0.0	0.0	1.0	0.0	0.0	0.0	0.0	1.0	0.0	2.0	0.0	0.0	0.0	1.0	0.0	25.0	2813.0	4.0	5.0	2.0	4.0	6.0	4.0	5.0	8.0	7.0	64.0	2.0	9.0
k__Bacteria;p__Firmicutes;c__Clostridia;o__Clostridiales;f__;g__	10615.0	10637.0	17370.0	7824.0	7474.0	8632.0	15858.0	360.0	4757.0	23869.0	2598.0	10658.0	21984.0	13248.0	6471.0	3874.0	6812.0	11044.0	10689.0	12797.0	28614.0	14988.0	5076.0	12389.0	11522.0	11370.0	22593.0	10651.0	7515.0	7674.0	13476.0	12507.0	7077.0	11868.0	11534.0	9128.0	13039.0	42789.0	30081.0	11743.0	22880.0	14541.0	56568.0	15102.0	12422.0	11249.0	17665.0	14932.0	11473.0	14841.0	13940.0	10462.0	9889.0	8150.0	9014.0	11893.0	8525.0	7991.0	10542.0	8141.0	12469.0	8424.0	6953.0	9757.0	11480.0	9582.0	14411.0	11682.0	11062.0	11771.0	14491.0	14990.0	12729.0	14030.0	17152.0	13423.0	8059.0	2155.0	8041.0	5767.0	8987.0	6105.0	8917.0	7424.0	7869.0	7273.0	9758.0	5728.0	10008.0	7982.0
k__Bacteria;p__Firmicutes;c__Clostridia;o__Clostridiales;f__Christensenellaceae;g__	0.0	3.0	8.0	3.0	8.0	9.0	1.0	0.0	0.0	0.0	0.0	0.0	10.0	2.0	0.0	0.0	0.0	0.0	0.0	4.0	1.0	2.0	1.0	2.0	2.0	4.0	1.0	2.0	0.0	1.0	1.0	5.0	6.0	1.0	3.0	2.0	679.0	352.0	206.0	94.0	331.0	832.0	502.0	749.0	105.0	300.0	202.0	186.0	195.0	403.0	104.0	71.0	154.0	326.0	91.0	208.0	117.0	48.0	55.0	69.0	632.0	46.0	199.0	191.0	92.0	98.0	156.0	107.0	117.0	365.0	165.0	59.0	80.0	350.0	943.0	226.0	0.0	2.0	1.0	1.0	0.0	2.0	4.0	0.0	2.0	2.0	3.0	2.0	1.0	0.0
k__Bacteria;p__Firmicutes;c__Clostridia;o__Clostridiales;f__Clostridiaceae;g__	233.0	162.0	615.0	170.0	123.0	242.0	8.0	20.0	2.0	0.0	151.0	21.0	237.0	91.0	62.0	31.0	87.0	135.0	26.0	41.0	205.0	23.0	20.0	73.0	65.0	88.0	211.0	100.0	25.0	20.0	69.0	112.0	39.0	240.0	178.0	168.0	39.0	429.0	679.0	272.0	282.0	121.0	1147.0	35.0	130.0	36.0	285.0	302.0	302.0	30.0	562.0	320.0	49.0	181.0	231.0	168.0	77.0	118.0	421.0	48.0	145.0	238.0	105.0	321.0	111.0	70.0	52.0	73.0	84.0	33.0	46.0	137.0	74.0	63.0	77.0	68.0	48.0	52.0	55.0	72.0	41.0	31.0	101.0	87.0	86.0	90.0	47.0	44.0	76.0	47.0
k__Bacteria;p__Firmicutes;c__Clostridia;o__Clostridiales;f__Clostridiaceae;g__Clostridium	336.0	407.0	1178.0	399.0	515.0	572.0	133.0	36.0	5.0	8.0	505.0	664.0	784.0	2018.0	755.0	305.0	752.0	724.0	1336.0	1212.0	1111.0	1149.0	303.0	1144.0	1804.0	653.0	1244.0	743.0	389.0	1282.0	1020.0	229.0	634.0	347.0	1331.0	1444.0	2693.0	8596.0	6378.0	1773.0	3603.0	1366.0	6458.0	1141.0	1650.0	992.0	2252.0	1970.0	1551.0	1263.0	1213.0	1521.0	1745.0	1311.0	1394.0	1871.0	899.0	1067.0	2207.0	1057.0	1135.0	1681.0	1491.0	1626.0	1731.0	1505.0	1498.0	1101.0	1897.0	1587.0	2018.0	1414.0	1319.0	2680.0	1558.0	991.0	726.0	762.0	2112.0	1453.0	1433.0	1386.0	1007.0	1379.0	1369.0	2153.0	2525.0	1043.0	1158.0	872.0
k__Bacteria;p__Firmicutes;c__Clostridia;o__Clostridiales;f__Clostridiaceae;g__SMB53	0.0	0.0	0.0	0.0	0.0	0.0	0.0	0.0	0.0	0.0	0.0	0.0	0.0	0.0	0.0	0.0	0.0	0.0	0.0	0.0	0.0	0.0	0.0	0.0	0.0	0.0	0.0	0.0	0.0	0.0	0.0	0.0	1.0	0.0	0.0	0.0	0.0	1.0	0.0	0.0	0.0	0.0	0.0	1.0	0.0	0.0	21.0	15.0	0.0	0.0	16.0	0.0	0.0	0.0	0.0	0.0	0.0	0.0	0.0	0.0	0.0	0.0	0.0	0.0	0.0	0.0	0.0	0.0	0.0	0.0	0.0	0.0	0.0	0.0	0.0	0.0	0.0	0.0	0.0	0.0	0.0	0.0	0.0	0.0	0.0	0.0	0.0	0.0	0.0	0.0
k__Bacteria;p__Firmicutes;c__Clostridia;o__Clostridiales;f__Clostridiaceae;g__Sarcina	0.0	0.0	0.0	0.0	0.0	0.0	146.0	88.0	0.0	29.0	3202.0	4.0	1.0	0.0	0.0	0.0	5.0	40.0	2.0	0.0	1.0	0.0	0.0	3.0	0.0	0.0	2.0	0.0	2.0	5.0	0.0	0.0	0.0	0.0	0.0	2.0	0.0	0.0	0.0	0.0	0.0	0.0	0.0	0.0	0.0	0.0	0.0	0.0	0.0	0.0	0.0	0.0	0.0	0.0	0.0	0.0	0.0	0.0	0.0	0.0	0.0	0.0	0.0	0.0	0.0	0.0	0.0	0.0	0.0	0.0	0.0	0.0	0.0	0.0	0.0	0.0	2.0	0.0	0.0	0.0	0.0	0.0	0.0	0.0	0.0	1.0	0.0	0.0	1.0	3.0
k__Bacteria;p__Firmicutes;c__Clostridia;o__Clostridiales;f__Dehalobacteriaceae;g__	0.0	0.0	0.0	0.0	0.0	0.0	0.0	0.0	0.0	0.0	0.0	0.0	0.0	0.0	0.0	0.0	0.0	0.0	0.0	0.0	0.0	0.0	0.0	1.0	0.0	0.0	0.0	0.0	0.0	0.0	0.0	0.0	0.0	0.0	0.0	0.0	7.0	59.0	44.0	9.0	54.0	211.0	184.0	89.0	0.0	2.0	8.0	11.0	12.0	14.0	2.0	0.0	15.0	0.0	0.0	0.0	4.0	0.0	0.0	0.0	29.0	0.0	0.0	1.0	0.0	4.0	26.0	3.0	2.0	6.0	17.0	0.0	34.0	22.0	9.0	6.0	0.0	0.0	0.0	0.0	0.0	0.0	0.0	0.0	0.0	0.0	1.0	0.0	0.0	0.0
k__Bacteria;p__Firmicutes;c__Clostridia;o__Clostridiales;f__Dehalobacteriaceae;g__Dehalobacterium	0.0	0.0	0.0	0.0	0.0	0.0	0.0	0.0	0.0	0.0	0.0	0.0	0.0	0.0	0.0	0.0	0.0	0.0	0.0	0.0	0.0	0.0	0.0	0.0	0.0	0.0	0.0	0.0	0.0	0.0	0.0	0.0	0.0	0.0	0.0	0.0	27.0	204.0	209.0	90.0	129.0	17.0	167.0	18.0	42.0	23.0	35.0	34.0	57.0	32.0	98.0	87.0	82.0	55.0	102.0	86.0	40.0	85.0	105.0	36.0	138.0	68.0	39.0	91.0	32.0	78.0	65.0	106.0	107.0	36.0	32.0	23.0	98.0	48.0	44.0	47.0	0.0	0.0	0.0	0.0	0.0	0.0	0.0	0.0	0.0	0.0	1.0	0.0	0.0	0.0
k__Bacteria;p__Firmicutes;c__Clostridia;o__Clostridiales;f__Eubacteriaceae;g__Anaerofustis	0.0	0.0	0.0	0.0	0.0	0.0	0.0	0.0	0.0	0.0	0.0	0.0	0.0	0.0	0.0	0.0	0.0	0.0	0.0	0.0	0.0	0.0	0.0	0.0	0.0	0.0	0.0	0.0	0.0	0.0	0.0	0.0	0.0	0.0	0.0	0.0	1.0	16.0	4.0	6.0	8.0	12.0	25.0	7.0	0.0	5.0	22.0	29.0	40.0	11.0	3.0	0.0	2.0	1.0	0.0	0.0	0.0	0.0	0.0	3.0	2.0	0.0	4.0	3.0	0.0	5.0	1.0	0.0	3.0	13.0	4.0	1.0	6.0	7.0	5.0	1.0	0.0	0.0	0.0	0.0	0.0	0.0	0.0	0.0	0.0	0.0	0.0	0.0	0.0	0.0
k__Bacteria;p__Firmicutes;c__Clostridia;o__Clostridiales;f__Eubacteriaceae;g__Pseudoramibacter_Eubacterium	0.0	0.0	0.0	0.0	0.0	0.0	0.0	0.0	0.0	0.0	0.0	0.0	0.0	0.0	0.0	0.0	0.0	0.0	0.0	0.0	0.0	0.0	0.0	0.0	0.0	0.0	0.0	0.0	0.0	0.0	0.0	0.0	0.0	0.0	0.0	0.0	11.0	41.0	35.0	71.0	20.0	38.0	77.0	8.0	26.0	10.0	40.0	51.0	36.0	22.0	30.0	46.0	29.0	9.0	2.0	21.0	6.0	8.0	8.0	5.0	9.0	3.0	7.0	24.0	10.0	14.0	1.0	6.0	8.0	5.0	55.0	85.0	9.0	23.0	13.0	5.0	0.0	0.0	0.0	0.0	0.0	0.0	0.0	0.0	0.0	0.0	1.0	0.0	0.0	0.0
k__Bacteria;p__Firmicutes;c__Clostridia;o__Clostridiales;f__Lachnospiraceae;g__	725.0	1398.0	2331.0	1523.0	1082.0	727.0	1364.0	3613.0	2617.0	1636.0	478.0	685.0	3109.0	2233.0	459.0	496.0	939.0	781.0	1224.0	1774.0	4028.0	3790.0	2414.0	1317.0	1182.0	1243.0	2389.0	1910.0	1056.0	892.0	1779.0	2260.0	1099.0	602.0	2600.0	1439.0	2010.0	11817.0	15863.0	4162.0	5994.0	2270.0	14925.0	2370.0	2544.0	1863.0	2846.0	2310.0	2685.0	2035.0	5436.0	6071.0	2167.0	2508.0	4016.0	3203.0	1664.0	2948.0	6444.0	1481.0	1627.0	5099.0	2666.0	3763.0	2491.0	3317.0	2972.0	2380.0	5192.0	1748.0	3063.0	9879.0	5419.0	1974.0	3646.0	1839.0	1076.0	721.0	2561.0	889.0	1131.0	770.0	1216.0	903.0	996.0	1032.0	2743.0	895.0	1289.0	925.0
k__Bacteria;p__Firmicutes;c__Clostridia;o__Clostridiales;f__Lachnospiraceae;g__Anaerostipes	9.0	66.0	293.0	47.0	24.0	46.0	4.0	0.0	0.0	2.0	0.0	2.0	44.0	305.0	38.0	15.0	262.0	5.0	7.0	4.0	49.0	69.0	0.0	2.0	1.0	17.0	950.0	13.0	5.0	26.0	1604.0	43.0	69.0	1.0	123.0	65.0	1.0	100.0	158.0	49.0	41.0	21.0	108.0	6.0	28.0	6.0	36.0	26.0	15.0	11.0	0.0	14.0	2.0	23.0	75.0	8.0	38.0	60.0	193.0	56.0	17.0	79.0	20.0	33.0	26.0	89.0	43.0	7.0	36.0	9.0	30.0	42.0	50.0	24.0	16.0	56.0	9.0	18.0	37.0	66.0	73.0	433.0	51.0	33.0	8.0	129.0	351.0	0.0	12.0	38.0
k__Bacteria;p__Firmicutes;c__Clostridia;o__Clostridiales;f__Lachnospiraceae;g__Blautia	227.0	504.0	1218.0	462.0	354.0	347.0	1148.0	4461.0	84.0	814.0	622.0	873.0	990.0	1490.0	367.0	257.0	657.0	584.0	659.0	1070.0	827.0	482.0	352.0	736.0	782.0	499.0	1254.0	602.0	372.0	742.0	782.0	300.0	339.0	479.0	712.0	447.0	1302.0	5044.0	3716.0	1709.0	1561.0	1771.0	6135.0	1504.0	1359.0	937.0	1921.0	1953.0	1099.0	1178.0	1588.0	1027.0	1023.0	552.0	1026.0	740.0	737.0	615.0	1611.0	1104.0	665.0	1273.0	566.0	949.0	787.0	969.0	1444.0	616.0	1653.0	1620.0	2046.0	5456.0	2287.0	2075.0	2706.0	1564.0	545.0	326.0	604.0	294.0	735.0	326.0	896.0	464.0	665.0	479.0	738.0	541.0	546.0	456.0
k__Bacteria;p__Firmicutes;c__Clostridia;o__Clostridiales;f__Lachnospiraceae;g__Butyrivibrio	2.0	20.0	41.0	9.0	2.0	6.0	0.0	1.0	0.0	0.0	6.0	5.0	36.0	22.0	8.0	7.0	7.0	22.0	7.0	22.0	54.0	12.0	9.0	23.0	24.0	32.0	23.0	74.0	6.0	5.0	20.0	10.0	3.0	25.0	37.0	50.0	266.0	571.0	237.0	470.0	268.0	259.0	910.0	18.0	234.0	144.0	383.0	439.0	529.0	184.0	183.0	532.0	201.0	41.0	43.0	88.0	58.0	40.0	104.0	62.0	50.0	93.0	25.0	174.0	124.0	84.0	110.0	83.0	75.0	22.0	297.0	1342.0	161.0	163.0	97.0	34.0	11.0	4.0	27.0	10.0	16.0	11.0	24.0	15.0	13.0	11.0	16.0	22.0	9.0	10.0
k__Bacteria;p__Firmicutes;c__Clostridia;o__Clostridiales;f__Lachnospiraceae;g__Coprococcus	850.0	563.0	427.0	614.0	374.0	215.0	55.0	194.0	192.0	11.0	199.0	262.0	411.0	810.0	1015.0	74.0	388.0	203.0	494.0	696.0	766.0	125.0	383.0	87.0	308.0	1427.0	545.0	1511.0	243.0	117.0	437.0	941.0	472.0	130.0	92.0	361.0	715.0	5044.0	4567.0	1372.0	3072.0	584.0	4538.0	775.0	1933.0	976.0	1228.0	987.0	969.0	1135.0	2061.0	1382.0	712.0	1308.0	1431.0	1203.0	598.0	1155.0	2419.0	772.0	745.0	1491.0	1188.0	1218.0	1052.0	802.0	858.0	1051.0	2339.0	1431.0	1273.0	2527.0	1917.0	1022.0	1367.0	942.0	384.0	102.0	365.0	406.0	810.0	439.0	1095.0	400.0	428.0	513.0	825.0	182.0	164.0	445.0
k__Bacteria;p__Firmicutes;c__Clostridia;o__Clostridiales;f__Lachnospiraceae;g__Dorea	11.0	8.0	24.0	8.0	8.0	5.0	192.0	7128.0	507.0	100.0	7.0	15.0	15.0	11.0	9.0	10.0	14.0	22.0	8.0	8.0	20.0	13.0	9.0	9.0	4.0	6.0	17.0	13.0	4.0	13.0	19.0	22.0	10.0	10.0	13.0	8.0	1921.0	11574.0	9562.0	3363.0	4589.0	2312.0	12624.0	879.0	2930.0	1311.0	2350.0	1676.0	1946.0	1171.0	4828.0	3074.0	1603.0	1888.0	3632.0	2325.0	1698.0	2028.0	5520.0	1920.0	2046.0	2954.0	1734.0	2953.0	2385.0	1344.0	2111.0	2644.0	2743.0	1348.0	3627.0	6575.0	2936.0	3640.0	1510.0	2733.0	10.0	3.0	14.0	2.0	4.0	9.0	8.0	6.0	7.0	9.0	6.0	8.0	5.0	7.0
k__Bacteria;p__Firmicutes;c__Clostridia;o__Clostridiales;f__Lachnospiraceae;g__Lachnobacterium	0.0	0.0	4.0	0.0	0.0	0.0	0.0	0.0	0.0	0.0	0.0	0.0	0.0	2.0	0.0	0.0	0.0	0.0	0.0	0.0	0.0	2.0	1.0	0.0	1.0	0.0	1.0	1.0	1.0	1.0	0.0	1.0	0.0	0.0	1.0	0.0	1.0	5.0	5.0	2.0	6.0	1.0	6.0	2.0	1.0	1.0	0.0	0.0	1.0	2.0	2.0	22.0	3.0	1.0	0.0	2.0	0.0	0.0	3.0	0.0	2.0	0.0	1.0	1.0	2.0	2.0	3.0	0.0	7.0	3.0	0.0	8.0	1.0	0.0	1.0	1.0	0.0	0.0	1.0	1.0	0.0	0.0	3.0	1.0	0.0	1.0	2.0	1.0	0.0	1.0
k__Bacteria;p__Firmicutes;c__Clostridia;o__Clostridiales;f__Lachnospiraceae;g__Lachnospira	0.0	0.0	1.0	0.0	0.0	0.0	1.0	0.0	0.0	0.0	0.0	0.0	0.0	1.0	27.0	0.0	0.0	0.0	2.0	0.0	0.0	0.0	0.0	0.0	0.0	40.0	2.0	100.0	0.0	0.0	0.0	0.0	0.0	0.0	0.0	0.0	0.0	55.0	38.0	56.0	4.0	0.0	5.0	2.0	2.0	10.0	2.0	7.0	6.0	7.0	14.0	18.0	0.0	1.0	29.0	7.0	6.0	0.0	0.0	0.0	0.0	14.0	0.0	10.0	0.0	1.0	17.0	0.0	92.0	1.0	2.0	75.0	59.0	55.0	6.0	2.0	0.0	1.0	0.0	0.0	0.0	0.0	93.0	6.0	4.0	0.0	0.0	0.0	0.0	0.0
k__Bacteria;p__Firmicutes;c__Clostridia;o__Clostridiales;f__Lachnospiraceae;g__Marvinbryantia	166.0	533.0	1043.0	506.0	407.0	396.0	287.0	2.0	0.0	470.0	799.0	1162.0	1201.0	1808.0	391.0	222.0	685.0	524.0	684.0	1106.0	665.0	778.0	198.0	661.0	1135.0	686.0	1438.0	751.0	306.0	562.0	828.0	509.0	375.0	1002.0	926.0	622.0	1.0	2.0	1.0	3.0	1.0	1.0	1.0	0.0	0.0	0.0	0.0	0.0	0.0	0.0	0.0	1.0	0.0	0.0	3.0	0.0	0.0	0.0	0.0	0.0	0.0	0.0	0.0	0.0	1.0	1.0	1.0	0.0	0.0	0.0	1.0	5.0	0.0	0.0	0.0	0.0	735.0	234.0	520.0	248.0	881.0	301.0	1000.0	649.0	735.0	407.0	861.0	735.0	755.0	569.0
k__Bacteria;p__Firmicutes;c__Clostridia;o__Clostridiales;f__Lachnospiraceae;g__Pseudobutyrivibrio	0.0	0.0	0.0	0.0	0.0	0.0	0.0	0.0	0.0	0.0	0.0	1.0	0.0	0.0	0.0	0.0	0.0	0.0	1.0	0.0	2.0	0.0	0.0	1.0	0.0	0.0	0.0	0.0	0.0	0.0	0.0	0.0	0.0	0.0	0.0	0.0	0.0	0.0	0.0	0.0	0.0	0.0	0.0	0.0	0.0	0.0	0.0	0.0	0.0	0.0	0.0	0.0	0.0	0.0	0.0	0.0	0.0	0.0	0.0	0.0	0.0	0.0	0.0	0.0	0.0	0.0	0.0	0.0	0.0	0.0	0.0	0.0	0.0	0.0	0.0	0.0	0.0	0.0	0.0	0.0	0.0	1.0	0.0	0.0	0.0	0.0	0.0	0.0	0.0	0.0
k__Bacteria;p__Firmicutes;c__Clostridia;o__Clostridiales;f__Lachnospiraceae;g__Robinsoniella	0.0	0.0	0.0	0.0	0.0	0.0	0.0	0.0	1.0	0.0	0.0	0.0	6.0	2.0	1.0	0.0	0.0	0.0	0.0	0.0	0.0	0.0	0.0	0.0	1.0	0.0	0.0	0.0	0.0	0.0	2.0	0.0	0.0	0.0	0.0	0.0	1.0	0.0	0.0	0.0	0.0	0.0	0.0	0.0	0.0	0.0	0.0	1.0	0.0	0.0	0.0	0.0	0.0	0.0	0.0	0.0	0.0	0.0	0.0	0.0	0.0	0.0	0.0	0.0	0.0	1.0	0.0	0.0	0.0	0.0	0.0	0.0	1.0	0.0	0.0	0.0	0.0	0.0	0.0	0.0	0.0	0.0	0.0	0.0	0.0	0.0	2.0	0.0	0.0	0.0
k__Bacteria;p__Firmicutes;c__Clostridia;o__Clostridiales;f__Lachnospiraceae;g__Roseburia	9.0	6.0	120.0	29.0	42.0	11.0	8.0	49.0	293.0	4.0	17.0	1.0	15.0	13.0	4.0	8.0	19.0	9.0	50.0	48.0	40.0	2.0	51.0	15.0	54.0	39.0	46.0	75.0	99.0	17.0	28.0	199.0	34.0	2.0	437.0	25.0	180.0	1392.0	2222.0	972.0	1532.0	226.0	1243.0	269.0	100.0	211.0	492.0	273.0	308.0	239.0	622.0	1980.0	569.0	320.0	1090.0	887.0	593.0	523.0	768.0	580.0	420.0	335.0	387.0	335.0	340.0	740.0	715.0	330.0	1551.0	335.0	477.0	325.0	636.0	102.0	727.0	385.0	21.0	268.0	8.0	13.0	32.0	35.0	7.0	29.0	33.0	12.0	41.0	26.0	21.0	35.0
k__Bacteria;p__Firmicutes;c__Clostridia;o__Clostridiales;f__Lachnospiraceae;g__[Ruminococcus]	60.0	105.0	157.0	60.0	73.0	40.0	7.0	7.0	21.0	25.0	8.0	230.0	133.0	117.0	37.0	41.0	89.0	143.0	71.0	99.0	127.0	65.0	37.0	65.0	70.0	42.0	162.0	88.0	21.0	81.0	141.0	29.0	33.0	70.0	64.0	59.0	2.0	10.0	57.0	10.0	4.0	3.0	11.0	2.0	4.0	1.0	5.0	4.0	2.0	0.0	6.0	45.0	5.0	9.0	1.0	1.0	5.0	10.0	33.0	3.0	3.0	22.0	3.0	3.0	11.0	3.0	9.0	3.0	35.0	1.0	2.0	24.0	2.0	2.0	4.0	3.0	25.0	1.0	86.0	19.0	58.0	19.0	42.0	34.0	49.0	27.0	130.0	21.0	32.0	22.0
k__Bacteria;p__Firmicutes;c__Clostridia;o__Clostridiales;f__Peptococcaceae;g__	0.0	1.0	0.0	0.0	0.0	0.0	0.0	0.0	0.0	0.0	0.0	0.0	0.0	0.0	0.0	0.0	0.0	0.0	0.0	0.0	0.0	0.0	0.0	0.0	0.0	0.0	0.0	0.0	0.0	0.0	0.0	0.0	0.0	0.0	0.0	0.0	36.0	134.0	206.0	107.0	104.0	13.0	141.0	26.0	38.0	22.0	55.0	9.0	40.0	25.0	65.0	132.0	30.0	106.0	68.0	94.0	9.0	29.0	53.0	8.0	21.0	119.0	79.0	53.0	33.0	94.0	40.0	36.0	71.0	26.0	12.0	12.0	18.0	9.0	33.0	34.0	0.0	0.0	0.0	0.0	0.0	0.0	0.0	0.0	0.0	0.0	0.0	0.0	0.0	1.0
k__Bacteria;p__Firmicutes;c__Clostridia;o__Clostridiales;f__Peptococcaceae;g__rc4-4	0.0	0.0	0.0	0.0	0.0	0.0	0.0	0.0	0.0	1.0	0.0	0.0	0.0	0.0	0.0	0.0	0.0	1.0	0.0	0.0	0.0	0.0	0.0	0.0	0.0	0.0	0.0	0.0	0.0	0.0	0.0	0.0	0.0	0.0	0.0	0.0	13.0	59.0	80.0	28.0	42.0	3.0	88.0	13.0	10.0	14.0	12.0	4.0	32.0	8.0	33.0	88.0	7.0	23.0	41.0	28.0	28.0	8.0	24.0	5.0	19.0	43.0	25.0	38.0	29.0	16.0	14.0	8.0	46.0	9.0	4.0	11.0	17.0	6.0	3.0	12.0	0.0	0.0	0.0	0.0	0.0	0.0	0.0	0.0	0.0	0.0	0.0	0.0	0.0	0.0
k__Bacteria;p__Firmicutes;c__Clostridia;o__Clostridiales;f__Peptostreptococcaceae;g__	0.0	0.0	0.0	0.0	0.0	0.0	0.0	0.0	0.0	0.0	0.0	0.0	0.0	0.0	0.0	0.0	0.0	0.0	0.0	0.0	1.0	0.0	0.0	0.0	0.0	0.0	0.0	0.0	0.0	0.0	0.0	0.0	0.0	0.0	0.0	0.0	0.0	277.0	0.0	0.0	0.0	2.0	8.0	0.0	0.0	0.0	19.0	16.0	4.0	1.0	1.0	0.0	0.0	0.0	0.0	0.0	0.0	0.0	1.0	0.0	64.0	0.0	1.0	15.0	56.0	0.0	1.0	165.0	0.0	0.0	0.0	0.0	1.0	1.0	1.0	0.0	0.0	0.0	0.0	0.0	0.0	0.0	0.0	0.0	0.0	0.0	0.0	0.0	0.0	0.0
k__Bacteria;p__Firmicutes;c__Clostridia;o__Clostridiales;f__Ruminococcaceae;g__	6102.0	14061.0	31488.0	18817.0	18681.0	18970.0	28057.0	2434.0	576.0	21810.0	13738.0	7947.0	23283.0	15037.0	6177.0	7139.0	10074.0	7839.0	27353.0	37928.0	18174.0	17684.0	10365.0	17109.0	12179.0	11798.0	31011.0	13516.0	13729.0	22498.0	11905.0	16857.0	11418.0	8150.0	10147.0	12964.0	36011.0	103241.0	101317.0	23394.0	60532.0	26325.0	91726.0	22920.0	18312.0	22458.0	30116.0	23610.0	23642.0	25433.0	32265.0	25974.0	27178.0	22768.0	28260.0	24561.0	16924.0	26338.0	29084.0	22831.0	33760.0	37368.0	26851.0	29942.0	25921.0	30624.0	25987.0	25130.0	35806.0	20400.0	26184.0	17458.0	28084.0	26252.0	21014.0	27369.0	16898.0	8607.0	14546.0	11007.0	15806.0	8848.0	17950.0	13604.0	16663.0	14300.0	19434.0	13263.0	14883.0	17130.0
k__Bacteria;p__Firmicutes;c__Clostridia;o__Clostridiales;f__Ruminococcaceae;g__Clostridium	0.0	0.0	0.0	1.0	0.0	0.0	0.0	0.0	0.0	0.0	3.0	0.0	0.0	0.0	0.0	1.0	0.0	0.0	0.0	0.0	0.0	0.0	0.0	0.0	0.0	0.0	0.0	1.0	0.0	0.0	0.0	0.0	0.0	1.0	0.0	0.0	0.0	7.0	10.0	5.0	14.0	7.0	27.0	9.0	19.0	0.0	0.0	0.0	0.0	5.0	6.0	0.0	0.0	7.0	2.0	13.0	2.0	6.0	1.0	12.0	5.0	4.0	1.0	7.0	0.0	2.0	0.0	9.0	0.0	53.0	34.0	0.0	49.0	39.0	70.0	13.0	0.0	0.0	0.0	0.0	0.0	0.0	0.0	0.0	0.0	0.0	0.0	0.0	0.0	0.0
k__Bacteria;p__Firmicutes;c__Clostridia;o__Clostridiales;f__Ruminococcaceae;g__Faecalibacterium	24.0	152.0	215.0	96.0	87.0	78.0	602.0	0.0	1.0	430.0	950.0	17.0	769.0	1947.0	5.0	11.0	301.0	10.0	258.0	1601.0	388.0	146.0	1247.0	118.0	80.0	588.0	417.0	985.0	764.0	1041.0	107.0	603.0	969.0	24.0	174.0	71.0	28.0	322.0	913.0	118.0	137.0	10.0	300.0	37.0	54.0	21.0	14.0	11.0	19.0	29.0	338.0	74.0	65.0	75.0	151.0	347.0	46.0	72.0	77.0	56.0	88.0	234.0	43.0	175.0	29.0	94.0	175.0	230.0	96.0	14.0	40.0	7.0	42.0	15.0	37.0	58.0	103.0	2.0	44.0	121.0	111.0	262.0	266.0	174.0	87.0	119.0	143.0	54.0	188.0	86.0
k__Bacteria;p__Firmicutes;c__Clostridia;o__Clostridiales;f__Ruminococcaceae;g__Oscillospira	417.0	711.0	2062.0	902.0	702.0	1261.0	216.0	19.0	2036.0	113.0	276.0	134.0	661.0	308.0	107.0	1021.0	305.0	480.0	354.0	591.0	965.0	205.0	272.0	1560.0	484.0	889.0	1862.0	525.0	1396.0	1151.0	461.0	1238.0	1158.0	243.0	751.0	823.0	6756.0	18826.0	18955.0	3749.0	10736.0	2028.0	11462.0	1851.0	3896.0	6568.0	6593.0	6207.0	5246.0	7509.0	3650.0	6371.0	5179.0	5686.0	5405.0	7331.0	3769.0	5377.0	4353.0	6427.0	6896.0	7349.0	7435.0	7687.0	7932.0	5254.0	4543.0	7629.0	6509.0	3628.0	2736.0	1629.0	3330.0	3170.0	2076.0	3515.0	435.0	1257.0	397.0	474.0	620.0	597.0	339.0	883.0	817.0	530.0	599.0	392.0	569.0	522.0
k__Bacteria;p__Firmicutes;c__Clostridia;o__Clostridiales;f__Ruminococcaceae;g__Papillibacter	0.0	0.0	0.0	0.0	0.0	1.0	1.0	0.0	0.0	0.0	0.0	0.0	0.0	0.0	0.0	0.0	0.0	0.0	0.0	1.0	0.0	0.0	0.0	0.0	1.0	0.0	0.0	0.0	0.0	0.0	0.0	0.0	0.0	1.0	0.0	0.0	0.0	0.0	0.0	0.0	0.0	0.0	0.0	0.0	0.0	1.0	0.0	0.0	0.0	0.0	0.0	0.0	0.0	0.0	0.0	0.0	0.0	0.0	0.0	0.0	0.0	0.0	0.0	0.0	0.0	0.0	0.0	0.0	0.0	0.0	0.0	0.0	0.0	0.0	0.0	0.0	0.0	1.0	0.0	0.0	0.0	0.0	0.0	0.0	0.0	0.0	0.0	0.0	0.0	0.0
k__Bacteria;p__Firmicutes;c__Clostridia;o__Clostridiales;f__Ruminococcaceae;g__Ruminococcus	3177.0	3591.0	5981.0	1709.0	1558.0	3264.0	119.0	5.0	104.0	5.0	1058.0	1564.0	4082.0	2344.0	867.0	386.0	773.0	5460.0	3351.0	4905.0	5704.0	526.0	1923.0	1636.0	1897.0	2999.0	2813.0	3136.0	932.0	1087.0	1314.0	2159.0	1819.0	1754.0	4158.0	1325.0	3920.0	9689.0	7031.0	2377.0	4350.0	2111.0	14489.0	7066.0	2103.0	1803.0	5902.0	4585.0	3578.0	2667.0	3271.0	3511.0	1910.0	2184.0	2838.0	2118.0	1698.0	1912.0	2587.0	1573.0	2329.0	2415.0	2329.0	2778.0	1565.0	3283.0	4041.0	2209.0	3890.0	2536.0	4399.0	3112.0	2856.0	3706.0	5725.0	2558.0	4338.0	1802.0	2139.0	1633.0	3217.0	3836.0	2589.0	5192.0	4792.0	2208.0	2652.0	3419.0	5824.0	6446.0
k__Bacteria;p__Firmicutes;c__Clostridia;o__Clostridiales;f__Syntrophomonadaceae;g__Syntrophomonas	0.0	0.0	0.0	0.0	0.0	0.0	0.0	0.0	0.0	0.0	0.0	0.0	0.0	0.0	0.0	0.0	0.0	0.0	0.0	0.0	0.0	0.0	0.0	0.0	0.0	0.0	0.0	0.0	0.0	0.0	0.0	0.0	0.0	0.0	0.0	0.0	1.0	6.0	4.0	4.0	8.0	0.0	8.0	0.0	1.0	0.0	0.0	0.0	0.0	2.0	13.0	3.0	1.0	4.0	14.0	1.0	8.0	17.0	1.0	5.0	2.0	3.0	4.0	13.0	3.0	6.0	3.0	0.0	7.0	0.0	0.0	0.0	0.0	0.0	1.0	1.0	0.0	0.0	0.0	0.0	0.0	0.0	0.0	0.0	0.0	0.0	0.0	0.0	0.0	0.0
k__Bacteria;p__Firmicutes;c__Clostridia;o__Clostridiales;f__Veillonellaceae;g__	0.0	0.0	0.0	0.0	0.0	0.0	0.0	0.0	0.0	0.0	0.0	0.0	0.0	0.0	0.0	0.0	0.0	0.0	0.0	0.0	0.0	0.0	0.0	0.0	0.0	0.0	0.0	0.0	0.0	0.0	0.0	0.0	0.0	0.0	0.0	0.0	5.0	10.0	11.0	3.0	3.0	3.0	10.0	3.0	0.0	1.0	0.0	6.0	1.0	6.0	2.0	9.0	2.0	2.0	10.0	6.0	1.0	1.0	4.0	6.0	5.0	1.0	7.0	15.0	0.0	1.0	6.0	10.0	4.0	4.0	5.0	8.0	4.0	5.0	10.0	4.0	0.0	0.0	0.0	0.0	0.0	0.0	0.0	0.0	0.0	0.0	0.0	0.0	0.0	0.0
k__Bacteria;p__Firmicutes;c__Clostridia;o__Clostridiales;f__Veillonellaceae;g__Dialister	2.0	8.0	2.0	0.0	1.0	1.0	1.0	0.0	16.0	0.0	22.0	1.0	25.0	4.0	1.0	9.0	12.0	0.0	3.0	46.0	77.0	0.0	29.0	9.0	24.0	0.0	34.0	7.0	7.0	7.0	0.0	16.0	27.0	0.0	14.0	5.0	0.0	1.0	0.0	0.0	0.0	0.0	0.0	0.0	0.0	0.0	0.0	0.0	0.0	0.0	0.0	0.0	0.0	0.0	0.0	0.0	0.0	0.0	0.0	0.0	0.0	0.0	0.0	0.0	0.0	0.0	0.0	0.0	0.0	0.0	0.0	0.0	0.0	0.0	0.0	0.0	2.0	50.0	0.0	5.0	3.0	12.0	1.0	14.0	0.0	9.0	0.0	0.0	3.0	1.0
k__Bacteria;p__Firmicutes;c__Clostridia;o__Clostridiales;f__Veillonellaceae;g__Phascolarctobacterium	0.0	0.0	7.0	1.0	0.0	1.0	8.0	0.0	42.0	6.0	1.0	0.0	14.0	0.0	0.0	2.0	2.0	0.0	3.0	10.0	48.0	18.0	11.0	37.0	7.0	4.0	23.0	0.0	14.0	24.0	7.0	13.0	16.0	9.0	19.0	9.0	0.0	0.0	0.0	0.0	0.0	0.0	0.0	0.0	0.0	0.0	0.0	0.0	0.0	0.0	0.0	0.0	0.0	0.0	0.0	0.0	0.0	0.0	0.0	0.0	0.0	0.0	0.0	0.0	0.0	0.0	0.0	0.0	0.0	0.0	0.0	0.0	0.0	0.0	0.0	0.0	5.0	4.0	1.0	14.0	18.0	10.0	4.0	5.0	2.0	14.0	1.0	4.0	4.0	9.0
k__Bacteria;p__Firmicutes;c__Clostridia;o__Clostridiales;f__Veillonellaceae;g__Selenomonas	0.0	0.0	0.0	0.0	0.0	0.0	0.0	0.0	0.0	0.0	0.0	0.0	0.0	0.0	0.0	0.0	0.0	0.0	0.0	0.0	0.0	0.0	0.0	0.0	0.0	0.0	0.0	0.0	0.0	0.0	0.0	0.0	0.0	0.0	0.0	0.0	0.0	0.0	0.0	2.0	0.0	3.0	2.0	0.0	3.0	1.0	0.0	0.0	0.0	1.0	0.0	0.0	1.0	0.0	0.0	0.0	0.0	0.0	0.0	0.0	0.0	0.0	0.0	0.0	0.0	0.0	1.0	2.0	0.0	0.0	7.0	6.0	3.0	2.0	0.0	2.0	0.0	0.0	0.0	0.0	0.0	0.0	0.0	0.0	0.0	0.0	0.0	0.0	0.0	0.0
k__Bacteria;p__Firmicutes;c__Clostridia;o__Clostridiales;f__Veillonellaceae;g__Veillonella	4.0	3.0	0.0	2.0	0.0	1.0	0.0	0.0	0.0	0.0	1.0	0.0	0.0	1.0	0.0	0.0	0.0	0.0	0.0	3.0	0.0	0.0	0.0	1.0	0.0	0.0	0.0	0.0	0.0	0.0	0.0	0.0	0.0	0.0	0.0	0.0	0.0	0.0	0.0	0.0	0.0	0.0	0.0	0.0	0.0	0.0	0.0	0.0	0.0	0.0	0.0	0.0	0.0	0.0	0.0	0.0	0.0	0.0	0.0	0.0	0.0	0.0	0.0	0.0	0.0	0.0	0.0	0.0	0.0	0.0	0.0	0.0	0.0	0.0	0.0	0.0	0.0	0.0	0.0	0.0	0.0	0.0	0.0	0.0	0.0	0.0	0.0	0.0	0.0	0.0
k__Bacteria;p__Firmicutes;c__Clostridia;o__Clostridiales;f__[Mogibacteriaceae];g__	181.0	184.0	169.0	305.0	79.0	125.0	16.0	17.0	2.0	8.0	23.0	210.0	518.0	136.0	70.0	151.0	388.0	74.0	88.0	373.0	747.0	249.0	325.0	260.0	114.0	293.0	656.0	279.0	171.0	276.0	181.0	167.0	117.0	349.0	153.0	150.0	268.0	960.0	797.0	329.0	573.0	1300.0	1908.0	212.0	193.0	114.0	265.0	235.0	250.0	171.0	485.0	415.0	203.0	153.0	231.0	246.0	131.0	173.0	369.0	216.0	220.0	221.0	141.0	351.0	150.0	215.0	175.0	107.0	189.0	135.0	283.0	214.0	251.0	227.0	241.0	147.0	90.0	68.0	50.0	120.0	139.0	98.0	84.0	118.0	111.0	107.0	80.0	73.0	131.0	92.0
k__Bacteria;p__Firmicutes;c__Clostridia;o__Clostridiales;f__[Mogibacteriaceae];g__Mogibacterium	19.0	9.0	94.0	5.0	14.0	31.0	20.0	0.0	2.0	0.0	8.0	8.0	18.0	14.0	14.0	11.0	21.0	54.0	11.0	15.0	25.0	2.0	2.0	12.0	5.0	37.0	42.0	33.0	7.0	6.0	7.0	18.0	5.0	40.0	24.0	21.0	0.0	0.0	0.0	0.0	0.0	0.0	0.0	0.0	0.0	0.0	0.0	0.0	0.0	0.0	0.0	0.0	0.0	0.0	0.0	0.0	0.0	0.0	0.0	0.0	0.0	0.0	0.0	0.0	0.0	0.0	0.0	0.0	0.0	0.0	0.0	0.0	0.0	0.0	0.0	0.0	7.0	18.0	3.0	0.0	7.0	4.0	13.0	3.0	4.0	7.0	7.0	8.0	7.0	8.0
k__Bacteria;p__Firmicutes;c__Erysipelotrichi;o__Erysipelotrichales;f__Erysipelotrichaceae;g__	0.0	0.0	0.0	0.0	0.0	0.0	0.0	0.0	0.0	0.0	0.0	0.0	0.0	0.0	0.0	0.0	0.0	0.0	0.0	0.0	0.0	0.0	0.0	0.0	0.0	0.0	0.0	0.0	0.0	0.0	0.0	0.0	0.0	0.0	0.0	0.0	36.0	241.0	263.0	62.0	92.0	24.0	240.0	39.0	35.0	69.0	55.0	46.0	16.0	75.0	104.0	77.0	42.0	131.0	172.0	24.0	41.0	80.0	161.0	28.0	33.0	86.0	49.0	63.0	76.0	32.0	62.0	171.0	63.0	14.0	14.0	33.0	11.0	26.0	16.0	35.0	0.0	0.0	0.0	0.0	0.0	0.0	0.0	0.0	0.0	0.0	0.0	0.0	0.0	0.0
k__Bacteria;p__Firmicutes;c__Erysipelotrichi;o__Erysipelotrichales;f__Erysipelotrichaceae;g__Bulleidia	1977.0	0.0	6.0	27.0	0.0	0.0	0.0	0.0	0.0	0.0	31.0	10.0	5.0	30.0	6.0	9.0	4.0	3.0	0.0	3.0	3.0	0.0	0.0	0.0	27.0	15.0	60.0	12.0	13.0	7.0	12.0	14.0	5.0	27.0	6.0	18.0	5.0	13.0	3.0	1.0	6.0	1.0	9.0	1.0	3.0	2.0	4.0	4.0	9.0	3.0	3.0	2.0	3.0	0.0	0.0	1.0	3.0	1.0	0.0	0.0	1.0	0.0	0.0	3.0	1.0	1.0	1.0	0.0	0.0	0.0	5.0	2.0	3.0	3.0	0.0	0.0	447.0	108.0	2.0	30.0	24.0	229.0	277.0	5.0	4.0	38.0	7.0	5.0	28.0	486.0
k__Bacteria;p__Firmicutes;c__Erysipelotrichi;o__Erysipelotrichales;f__Erysipelotrichaceae;g__Catenibacterium	0.0	0.0	0.0	0.0	0.0	0.0	0.0	0.0	0.0	0.0	0.0	0.0	0.0	0.0	0.0	0.0	0.0	0.0	0.0	0.0	0.0	0.0	0.0	0.0	0.0	0.0	0.0	0.0	0.0	0.0	0.0	0.0	0.0	0.0	0.0	0.0	0.0	5.0	3.0	2.0	1.0	2.0	6.0	0.0	2.0	0.0	1.0	0.0	0.0	2.0	0.0	3.0	0.0	0.0	1.0	0.0	0.0	1.0	1.0	0.0	0.0	0.0	0.0	0.0	0.0	0.0	3.0	1.0	0.0	0.0	3.0	1.0	0.0	3.0	0.0	0.0	0.0	0.0	0.0	0.0	0.0	0.0	0.0	0.0	0.0	0.0	0.0	0.0	0.0	0.0
k__Bacteria;p__Firmicutes;c__Erysipelotrichi;o__Erysipelotrichales;f__Erysipelotrichaceae;g__Coprobacillus	0.0	0.0	0.0	0.0	0.0	0.0	0.0	0.0	0.0	0.0	0.0	0.0	0.0	0.0	0.0	0.0	0.0	0.0	0.0	0.0	0.0	0.0	0.0	0.0	0.0	0.0	0.0	0.0	0.0	0.0	0.0	0.0	0.0	0.0	0.0	0.0	7.0	71.0	88.0	44.0	40.0	13.0	94.0	10.0	19.0	30.0	36.0	21.0	12.0	14.0	49.0	32.0	2.0	22.0	18.0	23.0	5.0	16.0	68.0	16.0	4.0	23.0	14.0	16.0	44.0	15.0	9.0	27.0	24.0	14.0	14.0	170.0	39.0	44.0	22.0	12.0	0.0	0.0	0.0	0.0	0.0	0.0	0.0	0.0	0.0	0.0	0.0	0.0	0.0	0.0
k__Bacteria;p__Firmicutes;c__Erysipelotrichi;o__Erysipelotrichales;f__Erysipelotrichaceae;g__RFN20	0.0	26.0	36.0	0.0	0.0	5.0	0.0	0.0	0.0	0.0	75.0	0.0	31.0	7.0	12.0	2.0	1.0	9.0	4.0	9.0	69.0	0.0	4.0	21.0	18.0	74.0	12.0	94.0	0.0	10.0	1.0	2.0	18.0	6.0	0.0	24.0	0.0	0.0	0.0	1.0	0.0	0.0	0.0	2.0	1.0	0.0	0.0	0.0	0.0	0.0	0.0	0.0	2.0	0.0	0.0	2.0	0.0	2.0	0.0	0.0	0.0	0.0	0.0	0.0	2.0	1.0	0.0	0.0	0.0	2.0	0.0	0.0	0.0	0.0	0.0	0.0	12.0	0.0	3.0	28.0	4.0	38.0	12.0	12.0	9.0	25.0	2.0	6.0	15.0	2.0
k__Bacteria;p__Firmicutes;c__Erysipelotrichi;o__Erysipelotrichales;f__Erysipelotrichaceae;g__[Eubacterium]	0.0	0.0	0.0	0.0	0.0	0.0	0.0	0.0	0.0	0.0	0.0	0.0	0.0	0.0	0.0	0.0	0.0	0.0	0.0	0.0	0.0	0.0	0.0	0.0	1.0	0.0	0.0	0.0	0.0	0.0	0.0	0.0	0.0	0.0	0.0	0.0	5.0	3.0	3.0	4.0	3.0	5.0	5.0	0.0	2.0	0.0	0.0	3.0	6.0	0.0	0.0	1.0	0.0	0.0	0.0	1.0	2.0	0.0	1.0	1.0	0.0	0.0	0.0	0.0	2.0	0.0	0.0	0.0	1.0	0.0	4.0	3.0	2.0	2.0	0.0	0.0	0.0	0.0	0.0	0.0	0.0	0.0	0.0	0.0	0.0	0.0	0.0	0.0	0.0	0.0
k__Bacteria;p__Firmicutes;c__Erysipelotrichi;o__Erysipelotrichales;f__Erysipelotrichaceae;g__p-75-a5	15.0	3.0	12.0	7.0	1.0	0.0	0.0	0.0	0.0	0.0	12.0	0.0	9.0	4.0	1.0	2.0	1.0	16.0	4.0	3.0	10.0	3.0	0.0	4.0	1.0	7.0	10.0	2.0	2.0	2.0	3.0	3.0	1.0	5.0	1.0	3.0	0.0	0.0	0.0	0.0	0.0	0.0	0.0	0.0	0.0	0.0	0.0	0.0	0.0	0.0	0.0	0.0	0.0	0.0	0.0	0.0	0.0	0.0	0.0	0.0	0.0	0.0	0.0	0.0	0.0	0.0	0.0	0.0	0.0	0.0	0.0	0.0	0.0	0.0	0.0	0.0	4.0	17.0	1.0	1.0	4.0	1.0	7.0	6.0	9.0	0.0	3.0	7.0	4.0	3.0
k__Bacteria;p__Firmicutes;c__OPB54;o__;f__;g__	0.0	0.0	1.0	0.0	0.0	2.0	0.0	0.0	0.0	0.0	0.0	0.0	10.0	0.0	0.0	0.0	0.0	1.0	0.0	3.0	7.0	2.0	1.0	1.0	3.0	0.0	3.0	3.0	1.0	1.0	1.0	1.0	1.0	1.0	0.0	1.0	3.0	5.0	2.0	0.0	3.0	0.0	1.0	0.0	0.0	0.0	0.0	2.0	0.0	0.0	0.0	0.0	0.0	3.0	0.0	0.0	1.0	2.0	0.0	0.0	0.0	0.0	0.0	2.0	1.0	0.0	0.0	0.0	1.0	3.0	0.0	0.0	1.0	1.0	0.0	2.0	1.0	0.0	2.0	1.0	1.0	3.0	2.0	0.0	4.0	0.0	5.0	1.0	1.0	2.0
k__Bacteria;p__Gemmatimonadetes;c__Gemm-1;o__;f__;g__	0.0	0.0	0.0	0.0	0.0	0.0	0.0	0.0	0.0	0.0	0.0	0.0	0.0	0.0	0.0	0.0	0.0	0.0	0.0	0.0	0.0	0.0	0.0	0.0	2.0	0.0	2.0	1.0	0.0	0.0	0.0	0.0	0.0	0.0	0.0	0.0	0.0	0.0	0.0	0.0	0.0	0.0	0.0	0.0	0.0	0.0	0.0	0.0	0.0	0.0	0.0	0.0	0.0	0.0	0.0	0.0	0.0	0.0	0.0	0.0	0.0	0.0	0.0	0.0	0.0	0.0	0.0	0.0	0.0	0.0	0.0	0.0	0.0	0.0	0.0	0.0	0.0	0.0	0.0	0.0	1.0	2.0	0.0	0.0	0.0	0.0	1.0	0.0	0.0	0.0
k__Bacteria;p__Lentisphaerae;c__[Lentisphaeria];o__Victivallales;f__Victivallaceae;g__	0.0	2.0	0.0	0.0	0.0	0.0	0.0	0.0	0.0	0.0	0.0	0.0	3.0	0.0	0.0	0.0	0.0	0.0	0.0	5.0	1.0	0.0	2.0	0.0	0.0	0.0	0.0	0.0	0.0	1.0	0.0	0.0	0.0	0.0	0.0	2.0	0.0	0.0	0.0	0.0	0.0	0.0	0.0	0.0	0.0	0.0	0.0	0.0	0.0	0.0	0.0	0.0	0.0	0.0	0.0	0.0	0.0	0.0	0.0	0.0	0.0	0.0	0.0	0.0	0.0	0.0	0.0	0.0	0.0	0.0	0.0	0.0	0.0	0.0	0.0	0.0	0.0	0.0	0.0	0.0	0.0	0.0	1.0	0.0	0.0	0.0	0.0	0.0	0.0	1.0
k__Bacteria;p__Proteobacteria;c__Alphaproteobacteria;o__;f__;g__	0.0	0.0	0.0	0.0	0.0	0.0	0.0	0.0	0.0	0.0	0.0	0.0	0.0	0.0	0.0	0.0	0.0	0.0	0.0	0.0	0.0	0.0	0.0	0.0	0.0	0.0	0.0	0.0	0.0	0.0	0.0	0.0	0.0	0.0	0.0	0.0	1.0	0.0	1.0	0.0	9.0	0.0	1.0	1.0	0.0	0.0	4.0	1.0	0.0	1.0	3.0	0.0	0.0	3.0	3.0	0.0	4.0	4.0	0.0	5.0	15.0	0.0	0.0	2.0	1.0	2.0	0.0	5.0	1.0	1.0	0.0	0.0	0.0	0.0	0.0	0.0	0.0	0.0	0.0	0.0	0.0	0.0	0.0	0.0	0.0	0.0	0.0	0.0	0.0	0.0
k__Bacteria;p__Proteobacteria;c__Alphaproteobacteria;o__Caulobacterales;f__;g__	0.0	0.0	0.0	0.0	0.0	0.0	0.0	0.0	0.0	0.0	0.0	0.0	0.0	0.0	0.0	0.0	0.0	0.0	0.0	0.0	0.0	0.0	0.0	0.0	0.0	2.0	2.0	0.0	1.0	0.0	0.0	0.0	0.0	5.0	0.0	0.0	0.0	0.0	0.0	0.0	0.0	0.0	0.0	0.0	0.0	0.0	0.0	0.0	0.0	1.0	0.0	0.0	0.0	0.0	0.0	0.0	0.0	0.0	0.0	0.0	0.0	0.0	0.0	0.0	0.0	0.0	0.0	0.0	0.0	0.0	0.0	0.0	0.0	0.0	0.0	0.0	0.0	1.0	0.0	0.0	0.0	0.0	0.0	0.0	0.0	0.0	0.0	0.0	0.0	0.0
k__Bacteria;p__Proteobacteria;c__Alphaproteobacteria;o__Caulobacterales;f__Caulobacteraceae;g__Phenylobacterium	0.0	0.0	0.0	0.0	0.0	0.0	0.0	0.0	0.0	0.0	0.0	0.0	0.0	0.0	2.0	0.0	2.0	0.0	0.0	0.0	0.0	0.0	0.0	0.0	1.0	1.0	9.0	3.0	1.0	0.0	3.0	0.0	0.0	8.0	0.0	0.0	0.0	0.0	0.0	0.0	0.0	0.0	0.0	0.0	0.0	0.0	0.0	0.0	0.0	0.0	0.0	0.0	0.0	0.0	0.0	0.0	0.0	0.0	0.0	0.0	0.0	0.0	0.0	0.0	0.0	0.0	0.0	0.0	0.0	0.0	0.0	0.0	1.0	0.0	0.0	0.0	0.0	0.0	2.0	0.0	0.0	0.0	0.0	0.0	0.0	0.0	1.0	0.0	0.0	0.0
k__Bacteria;p__Proteobacteria;c__Alphaproteobacteria;o__RF32;f__;g__	1.0	1.0	6.0	1.0	0.0	1.0	0.0	0.0	0.0	0.0	0.0	0.0	1.0	7.0	5.0	0.0	0.0	1.0	2.0	0.0	3.0	3.0	0.0	1.0	2.0	5.0	5.0	6.0	15.0	0.0	5.0	0.0	4.0	3.0	4.0	3.0	0.0	0.0	0.0	0.0	0.0	0.0	0.0	0.0	0.0	0.0	0.0	0.0	0.0	0.0	0.0	0.0	0.0	0.0	0.0	0.0	0.0	0.0	0.0	0.0	0.0	0.0	0.0	0.0	0.0	0.0	0.0	0.0	0.0	0.0	0.0	0.0	0.0	0.0	0.0	0.0	0.0	3.0	0.0	1.0	2.0	1.0	0.0	3.0	0.0	0.0	0.0	4.0	3.0	0.0
k__Bacteria;p__Proteobacteria;c__Alphaproteobacteria;o__Rhizobiales;f__;g__	0.0	0.0	0.0	0.0	0.0	0.0	0.0	0.0	0.0	0.0	0.0	0.0	0.0	0.0	0.0	0.0	1.0	0.0	0.0	0.0	0.0	0.0	0.0	0.0	3.0	2.0	9.0	1.0	1.0	0.0	0.0	0.0	0.0	3.0	0.0	0.0	0.0	1.0	0.0	0.0	0.0	0.0	0.0	0.0	0.0	0.0	0.0	0.0	1.0	0.0	0.0	0.0	0.0	0.0	0.0	0.0	0.0	0.0	0.0	0.0	0.0	0.0	0.0	0.0	0.0	0.0	0.0	0.0	0.0	0.0	0.0	0.0	0.0	0.0	0.0	0.0	0.0	0.0	1.0	0.0	1.0	0.0	0.0	0.0	0.0	0.0	0.0	0.0	0.0	1.0
k__Bacteria;p__Proteobacteria;c__Alphaproteobacteria;o__Rhizobiales;f__Aurantimonadaceae;g__	0.0	0.0	5.0	0.0	1.0	0.0	0.0	0.0	0.0	1.0	0.0	6.0	3.0	0.0	2.0	1.0	0.0	0.0	0.0	1.0	4.0	0.0	0.0	0.0	0.0	0.0	7.0	1.0	0.0	0.0	2.0	1.0	0.0	9.0	0.0	0.0	0.0	0.0	0.0	0.0	0.0	0.0	0.0	0.0	0.0	0.0	0.0	1.0	0.0	0.0	0.0	0.0	0.0	0.0	0.0	0.0	0.0	0.0	0.0	0.0	0.0	0.0	0.0	0.0	0.0	0.0	0.0	0.0	0.0	0.0	0.0	0.0	0.0	0.0	0.0	0.0	0.0	0.0	0.0	2.0	0.0	0.0	0.0	0.0	0.0	0.0	0.0	0.0	0.0	0.0
k__Bacteria;p__Proteobacteria;c__Alphaproteobacteria;o__Rhizobiales;f__Bradyrhizobiaceae;g__	0.0	0.0	0.0	0.0	0.0	0.0	0.0	0.0	0.0	0.0	0.0	0.0	1.0	0.0	0.0	0.0	3.0	0.0	0.0	0.0	0.0	0.0	0.0	0.0	1.0	0.0	5.0	1.0	1.0	0.0	0.0	0.0	0.0	4.0	1.0	3.0	0.0	0.0	0.0	0.0	0.0	0.0	0.0	0.0	0.0	0.0	0.0	0.0	0.0	0.0	0.0	0.0	0.0	0.0	0.0	0.0	0.0	0.0	0.0	0.0	0.0	0.0	0.0	0.0	0.0	0.0	0.0	0.0	0.0	0.0	0.0	0.0	1.0	0.0	0.0	0.0	0.0	1.0	1.0	0.0	1.0	0.0	0.0	0.0	0.0	0.0	0.0	0.0	0.0	0.0
k__Bacteria;p__Proteobacteria;c__Alphaproteobacteria;o__Rhizobiales;f__Bradyrhizobiaceae;g__Balneimonas	0.0	0.0	0.0	0.0	0.0	0.0	0.0	0.0	0.0	0.0	0.0	0.0	0.0	0.0	0.0	0.0	1.0	0.0	0.0	0.0	1.0	1.0	0.0	0.0	2.0	1.0	34.0	3.0	0.0	0.0	0.0	1.0	0.0	5.0	1.0	1.0	0.0	0.0	0.0	0.0	0.0	0.0	0.0	0.0	0.0	0.0	0.0	0.0	0.0	0.0	0.0	0.0	0.0	0.0	0.0	0.0	0.0	0.0	0.0	0.0	0.0	0.0	0.0	0.0	0.0	0.0	0.0	0.0	0.0	0.0	0.0	0.0	0.0	0.0	0.0	0.0	0.0	0.0	1.0	0.0	1.0	1.0	0.0	0.0	0.0	1.0	2.0	0.0	0.0	2.0
k__Bacteria;p__Proteobacteria;c__Alphaproteobacteria;o__Rhizobiales;f__Bradyrhizobiaceae;g__Bradyrhizobium	0.0	0.0	0.0	0.0	0.0	0.0	0.0	0.0	0.0	0.0	0.0	1.0	0.0	0.0	0.0	0.0	1.0	0.0	0.0	0.0	0.0	0.0	0.0	0.0	1.0	1.0	6.0	2.0	0.0	0.0	0.0	0.0	0.0	6.0	1.0	5.0	0.0	0.0	0.0	0.0	0.0	1.0	0.0	0.0	0.0	0.0	0.0	0.0	0.0	0.0	0.0	0.0	0.0	0.0	0.0	0.0	0.0	0.0	0.0	0.0	0.0	0.0	0.0	0.0	0.0	0.0	0.0	0.0	0.0	0.0	0.0	1.0	0.0	0.0	0.0	0.0	0.0	1.0	0.0	0.0	1.0	0.0	0.0	0.0	0.0	0.0	0.0	1.0	0.0	0.0
k__Bacteria;p__Proteobacteria;c__Alphaproteobacteria;o__Rhizobiales;f__Hyphomicrobiaceae;g__	0.0	0.0	0.0	0.0	0.0	0.0	0.0	0.0	0.0	0.0	0.0	0.0	0.0	0.0	0.0	0.0	1.0	0.0	0.0	0.0	2.0	2.0	0.0	0.0	0.0	0.0	2.0	0.0	0.0	0.0	0.0	0.0	0.0	5.0	0.0	0.0	0.0	0.0	0.0	0.0	0.0	0.0	0.0	0.0	0.0	0.0	0.0	0.0	0.0	0.0	0.0	0.0	0.0	0.0	0.0	0.0	0.0	0.0	0.0	0.0	0.0	0.0	0.0	0.0	0.0	0.0	0.0	0.0	0.0	0.0	0.0	0.0	0.0	0.0	0.0	0.0	0.0	0.0	0.0	0.0	1.0	0.0	0.0	1.0	0.0	0.0	0.0	0.0	0.0	1.0
k__Bacteria;p__Proteobacteria;c__Alphaproteobacteria;o__Rhizobiales;f__Hyphomicrobiaceae;g__Devosia	0.0	0.0	0.0	0.0	0.0	0.0	0.0	0.0	1.0	0.0	0.0	1.0	2.0	1.0	0.0	0.0	1.0	0.0	0.0	0.0	2.0	0.0	2.0	0.0	8.0	1.0	14.0	3.0	1.0	0.0	2.0	0.0	0.0	12.0	0.0	7.0	1.0	0.0	0.0	0.0	0.0	0.0	0.0	0.0	0.0	0.0	0.0	0.0	0.0	0.0	0.0	0.0	0.0	0.0	0.0	0.0	0.0	0.0	0.0	0.0	0.0	0.0	0.0	0.0	0.0	0.0	0.0	0.0	0.0	0.0	0.0	0.0	0.0	0.0	0.0	0.0	0.0	0.0	0.0	0.0	0.0	0.0	0.0	0.0	0.0	0.0	0.0	1.0	0.0	0.0
k__Bacteria;p__Proteobacteria;c__Alphaproteobacteria;o__Rhizobiales;f__Hyphomicrobiaceae;g__Pedomicrobium	0.0	0.0	0.0	0.0	0.0	0.0	0.0	0.0	0.0	0.0	0.0	0.0	0.0	0.0	1.0	0.0	0.0	0.0	0.0	0.0	0.0	0.0	0.0	0.0	1.0	0.0	0.0	1.0	0.0	0.0	0.0	0.0	0.0	4.0	0.0	1.0	0.0	0.0	0.0	0.0	0.0	0.0	0.0	0.0	0.0	0.0	0.0	0.0	0.0	0.0	0.0	0.0	0.0	0.0	0.0	0.0	0.0	0.0	0.0	0.0	0.0	0.0	0.0	0.0	0.0	0.0	0.0	0.0	0.0	0.0	0.0	0.0	0.0	0.0	0.0	0.0	0.0	0.0	1.0	0.0	0.0	0.0	0.0	0.0	0.0	0.0	0.0	0.0	0.0	0.0
k__Bacteria;p__Proteobacteria;c__Alphaproteobacteria;o__Rhizobiales;f__Hyphomicrobiaceae;g__Rhodoplanes	0.0	0.0	0.0	1.0	0.0	0.0	0.0	0.0	0.0	0.0	0.0	0.0	0.0	0.0	0.0	0.0	0.0	0.0	0.0	0.0	0.0	0.0	0.0	0.0	2.0	0.0	3.0	2.0	0.0	0.0	0.0	0.0	0.0	10.0	2.0	0.0	0.0	0.0	1.0	0.0	0.0	0.0	0.0	0.0	0.0	0.0	0.0	0.0	0.0	1.0	0.0	0.0	0.0	0.0	0.0	0.0	0.0	1.0	0.0	0.0	0.0	0.0	0.0	0.0	0.0	0.0	0.0	0.0	1.0	0.0	0.0	0.0	0.0	0.0	0.0	0.0	1.0	0.0	1.0	0.0	0.0	0.0	0.0	0.0	0.0	0.0	0.0	0.0	1.0	0.0
k__Bacteria;p__Proteobacteria;c__Alphaproteobacteria;o__Rhizobiales;f__Methylobacteriaceae;g__	1.0	0.0	0.0	0.0	0.0	0.0	1.0	0.0	0.0	0.0	0.0	0.0	1.0	0.0	0.0	0.0	0.0	0.0	0.0	0.0	3.0	0.0	0.0	0.0	1.0	1.0	12.0	0.0	1.0	0.0	0.0	0.0	0.0	3.0	0.0	2.0	0.0	1.0	0.0	0.0	0.0	0.0	0.0	0.0	0.0	0.0	0.0	0.0	0.0	0.0	0.0	0.0	0.0	0.0	0.0	0.0	0.0	0.0	0.0	0.0	0.0	0.0	0.0	0.0	0.0	0.0	0.0	0.0	0.0	0.0	0.0	0.0	0.0	0.0	0.0	0.0	0.0	0.0	0.0	0.0	0.0	0.0	0.0	0.0	1.0	0.0	0.0	0.0	0.0	0.0
k__Bacteria;p__Proteobacteria;c__Alphaproteobacteria;o__Rhizobiales;f__Methylobacteriaceae;g__Methylobacterium	1.0	0.0	1.0	1.0	1.0	0.0	0.0	0.0	0.0	0.0	0.0	6.0	2.0	0.0	0.0	0.0	0.0	1.0	0.0	0.0	0.0	0.0	0.0	0.0	6.0	0.0	4.0	1.0	1.0	0.0	0.0	0.0	1.0	6.0	0.0	2.0	0.0	0.0	0.0	0.0	0.0	0.0	0.0	0.0	0.0	0.0	0.0	0.0	0.0	0.0	0.0	2.0	0.0	0.0	0.0	0.0	0.0	0.0	0.0	0.0	0.0	0.0	0.0	0.0	0.0	1.0	0.0	0.0	0.0	0.0	0.0	0.0	0.0	0.0	0.0	0.0	0.0	0.0	0.0	0.0	0.0	0.0	0.0	0.0	1.0	0.0	0.0	0.0	0.0	0.0
k__Bacteria;p__Proteobacteria;c__Alphaproteobacteria;o__Rhizobiales;f__Methylocystaceae;g__	3.0	0.0	1.0	0.0	0.0	0.0	0.0	0.0	0.0	0.0	0.0	3.0	1.0	2.0	0.0	0.0	0.0	0.0	1.0	1.0	0.0	0.0	0.0	0.0	1.0	0.0	2.0	0.0	0.0	0.0	2.0	0.0	0.0	0.0	0.0	1.0	0.0	0.0	0.0	0.0	0.0	0.0	0.0	0.0	0.0	0.0	0.0	0.0	0.0	0.0	0.0	0.0	0.0	0.0	0.0	0.0	0.0	0.0	0.0	0.0	0.0	0.0	0.0	0.0	0.0	0.0	0.0	0.0	0.0	0.0	0.0	0.0	0.0	0.0	0.0	0.0	0.0	0.0	0.0	0.0	0.0	0.0	0.0	0.0	0.0	0.0	0.0	0.0	0.0	0.0
k__Bacteria;p__Proteobacteria;c__Alphaproteobacteria;o__Rhizobiales;f__Phyllobacteriaceae;g__	0.0	0.0	0.0	0.0	0.0	0.0	0.0	0.0	0.0	0.0	0.0	0.0	0.0	0.0	0.0	0.0	0.0	0.0	0.0	0.0	0.0	0.0	0.0	0.0	1.0	1.0	1.0	2.0	1.0	0.0	0.0	0.0	0.0	3.0	0.0	0.0	0.0	0.0	0.0	0.0	0.0	0.0	0.0	0.0	0.0	0.0	0.0	0.0	0.0	0.0	0.0	0.0	0.0	0.0	0.0	0.0	0.0	0.0	0.0	0.0	0.0	0.0	0.0	0.0	0.0	0.0	0.0	0.0	0.0	0.0	0.0	0.0	0.0	0.0	0.0	0.0	0.0	0.0	1.0	0.0	0.0	0.0	0.0	0.0	0.0	0.0	0.0	0.0	0.0	0.0
k__Bacteria;p__Proteobacteria;c__Alphaproteobacteria;o__Rhizobiales;f__Rhizobiaceae;g__	0.0	0.0	0.0	0.0	0.0	0.0	0.0	0.0	0.0	0.0	0.0	0.0	0.0	0.0	0.0	0.0	0.0	0.0	0.0	2.0	0.0	0.0	0.0	0.0	0.0	1.0	1.0	3.0	1.0	0.0	0.0	0.0	0.0	7.0	0.0	1.0	0.0	0.0	0.0	0.0	0.0	0.0	0.0	0.0	0.0	0.0	0.0	0.0	0.0	0.0	0.0	0.0	0.0	0.0	0.0	0.0	0.0	0.0	0.0	0.0	0.0	0.0	0.0	0.0	0.0	0.0	0.0	0.0	2.0	0.0	0.0	0.0	0.0	0.0	0.0	0.0	0.0	0.0	0.0	0.0	0.0	0.0	0.0	0.0	0.0	0.0	0.0	0.0	0.0	0.0
k__Bacteria;p__Proteobacteria;c__Alphaproteobacteria;o__Rhizobiales;f__Rhizobiaceae;g__Agrobacterium	0.0	0.0	0.0	0.0	0.0	0.0	0.0	0.0	0.0	0.0	0.0	2.0	0.0	0.0	0.0	0.0	0.0	0.0	0.0	1.0	0.0	0.0	0.0	0.0	8.0	0.0	4.0	2.0	0.0	0.0	1.0	0.0	0.0	11.0	1.0	3.0	0.0	0.0	0.0	0.0	0.0	0.0	0.0	2.0	0.0	0.0	3.0	0.0	0.0	0.0	0.0	0.0	0.0	0.0	0.0	0.0	0.0	0.0	0.0	0.0	0.0	0.0	0.0	0.0	0.0	0.0	0.0	0.0	0.0	0.0	2.0	0.0	0.0	0.0	0.0	0.0	0.0	0.0	1.0	0.0	1.0	0.0	0.0	0.0	1.0	0.0	0.0	0.0	0.0	0.0
k__Bacteria;p__Proteobacteria;c__Alphaproteobacteria;o__Rhizobiales;f__Rhizobiaceae;g__Rhizobium	0.0	0.0	0.0	0.0	0.0	0.0	0.0	0.0	0.0	0.0	0.0	0.0	0.0	0.0	0.0	0.0	0.0	0.0	0.0	0.0	2.0	0.0	0.0	0.0	3.0	1.0	3.0	1.0	2.0	0.0	0.0	0.0	0.0	1.0	4.0	4.0	0.0	0.0	0.0	0.0	0.0	0.0	0.0	1.0	0.0	0.0	0.0	0.0	0.0	1.0	0.0	0.0	0.0	0.0	0.0	0.0	0.0	0.0	0.0	0.0	0.0	0.0	0.0	0.0	0.0	0.0	0.0	0.0	0.0	0.0	0.0	0.0	0.0	0.0	0.0	0.0	0.0	0.0	0.0	0.0	0.0	0.0	0.0	0.0	0.0	0.0	0.0	0.0	0.0	0.0
k__Bacteria;p__Proteobacteria;c__Alphaproteobacteria;o__Rhizobiales;f__Rhizobiaceae;g__Shinella	0.0	0.0	1.0	0.0	0.0	1.0	0.0	0.0	2.0	0.0	0.0	0.0	1.0	1.0	0.0	0.0	1.0	0.0	0.0	1.0	2.0	0.0	0.0	0.0	8.0	1.0	25.0	0.0	0.0	0.0	1.0	0.0	0.0	1.0	0.0	4.0	0.0	0.0	0.0	0.0	0.0	0.0	0.0	0.0	0.0	0.0	0.0	0.0	0.0	0.0	0.0	0.0	0.0	0.0	0.0	0.0	0.0	0.0	0.0	0.0	0.0	0.0	0.0	0.0	0.0	0.0	0.0	0.0	0.0	0.0	0.0	0.0	0.0	0.0	0.0	0.0	0.0	0.0	0.0	0.0	0.0	0.0	0.0	0.0	0.0	0.0	0.0	0.0	0.0	0.0
k__Bacteria;p__Proteobacteria;c__Alphaproteobacteria;o__Rhizobiales;f__Xanthobacteraceae;g__Labrys	1.0	0.0	0.0	0.0	1.0	0.0	0.0	0.0	0.0	0.0	0.0	0.0	0.0	1.0	1.0	0.0	0.0	1.0	1.0	2.0	0.0	0.0	1.0	0.0	0.0	0.0	4.0	0.0	0.0	0.0	0.0	0.0	0.0	2.0	0.0	0.0	0.0	0.0	0.0	0.0	0.0	1.0	0.0	0.0	0.0	0.0	0.0	0.0	2.0	0.0	0.0	0.0	0.0	0.0	0.0	0.0	0.0	0.0	0.0	0.0	0.0	0.0	0.0	0.0	0.0	0.0	0.0	0.0	0.0	0.0	0.0	0.0	0.0	0.0	0.0	0.0	0.0	0.0	2.0	0.0	0.0	0.0	1.0	0.0	1.0	0.0	0.0	0.0	0.0	0.0
k__Bacteria;p__Proteobacteria;c__Alphaproteobacteria;o__Rhodobacterales;f__Rhodobacteraceae;g__Paracoccus	0.0	1.0	0.0	0.0	0.0	0.0	0.0	0.0	0.0	0.0	0.0	0.0	0.0	0.0	0.0	0.0	0.0	0.0	0.0	0.0	0.0	0.0	0.0	0.0	0.0	0.0	7.0	3.0	3.0	0.0	0.0	0.0	0.0	2.0	0.0	7.0	0.0	0.0	0.0	0.0	0.0	0.0	0.0	0.0	0.0	0.0	0.0	0.0	0.0	0.0	0.0	0.0	0.0	0.0	0.0	0.0	0.0	0.0	0.0	0.0	0.0	0.0	0.0	0.0	0.0	0.0	0.0	0.0	0.0	0.0	0.0	0.0	0.0	0.0	0.0	0.0	0.0	0.0	0.0	0.0	0.0	0.0	0.0	0.0	0.0	0.0	0.0	0.0	0.0	0.0
k__Bacteria;p__Proteobacteria;c__Alphaproteobacteria;o__Rhodospirillales;f__Rhodospirillaceae;g__	0.0	0.0	0.0	0.0	0.0	0.0	0.0	0.0	0.0	0.0	0.0	0.0	0.0	0.0	0.0	0.0	0.0	0.0	0.0	0.0	0.0	0.0	0.0	0.0	1.0	0.0	1.0	1.0	0.0	0.0	1.0	0.0	0.0	3.0	0.0	1.0	0.0	0.0	0.0	0.0	0.0	0.0	1.0	0.0	0.0	0.0	0.0	0.0	0.0	1.0	0.0	0.0	0.0	0.0	0.0	0.0	0.0	0.0	0.0	0.0	0.0	0.0	0.0	0.0	0.0	0.0	0.0	0.0	0.0	0.0	0.0	0.0	0.0	0.0	0.0	0.0	0.0	0.0	1.0	0.0	0.0	0.0	0.0	0.0	0.0	0.0	1.0	0.0	0.0	0.0
k__Bacteria;p__Proteobacteria;c__Alphaproteobacteria;o__Rickettsiales;f__;g__	1.0	0.0	0.0	1.0	0.0	0.0	0.0	0.0	0.0	0.0	0.0	1.0	5.0	0.0	0.0	0.0	0.0	0.0	1.0	2.0	22.0	1.0	0.0	3.0	0.0	1.0	1.0	0.0	0.0	2.0	0.0	1.0	3.0	6.0	2.0	0.0	46.0	80.0	220.0	33.0	102.0	22.0	62.0	28.0	28.0	11.0	24.0	12.0	15.0	16.0	101.0	10.0	22.0	120.0	149.0	17.0	111.0	109.0	98.0	208.0	71.0	147.0	64.0	51.0	59.0	63.0	205.0	40.0	154.0	14.0	23.0	32.0	57.0	53.0	35.0	26.0	0.0	0.0	0.0	0.0	3.0	5.0	0.0	0.0	2.0	3.0	0.0	1.0	1.0	0.0
k__Bacteria;p__Proteobacteria;c__Alphaproteobacteria;o__Rickettsiales;f__Rickettsiaceae;g__Wolbachia	0.0	0.0	0.0	0.0	0.0	0.0	0.0	0.0	0.0	0.0	0.0	0.0	0.0	0.0	0.0	0.0	0.0	0.0	0.0	0.0	0.0	0.0	0.0	0.0	0.0	0.0	0.0	0.0	0.0	0.0	0.0	0.0	0.0	0.0	0.0	0.0	0.0	0.0	0.0	1.0	2.0	9.0	15.0	0.0	0.0	0.0	0.0	0.0	0.0	0.0	0.0	0.0	0.0	0.0	0.0	0.0	2.0	0.0	0.0	1.0	4.0	0.0	0.0	0.0	0.0	2.0	0.0	2.0	5.0	0.0	0.0	1.0	0.0	0.0	1.0	0.0	0.0	0.0	0.0	0.0	0.0	0.0	0.0	0.0	0.0	0.0	0.0	0.0	0.0	0.0
k__Bacteria;p__Proteobacteria;c__Alphaproteobacteria;o__Sphingomonadales;f__Sphingomonadaceae;g__	1.0	0.0	2.0	1.0	1.0	0.0	0.0	0.0	0.0	0.0	0.0	0.0	3.0	0.0	0.0	0.0	1.0	1.0	1.0	0.0	2.0	2.0	0.0	0.0	2.0	0.0	14.0	0.0	1.0	0.0	3.0	0.0	0.0	13.0	0.0	0.0	0.0	0.0	0.0	0.0	0.0	1.0	0.0	0.0	0.0	0.0	0.0	0.0	0.0	0.0	0.0	0.0	0.0	0.0	0.0	0.0	0.0	0.0	0.0	0.0	0.0	0.0	0.0	0.0	0.0	0.0	0.0	0.0	0.0	0.0	0.0	0.0	0.0	0.0	0.0	0.0	0.0	0.0	1.0	0.0	0.0	0.0	0.0	0.0	0.0	0.0	0.0	1.0	0.0	1.0
k__Bacteria;p__Proteobacteria;c__Alphaproteobacteria;o__Sphingomonadales;f__Sphingomonadaceae;g__Kaistobacter	0.0	0.0	0.0	0.0	0.0	0.0	0.0	0.0	0.0	2.0	0.0	0.0	0.0	0.0	4.0	0.0	4.0	0.0	0.0	0.0	2.0	0.0	0.0	0.0	16.0	1.0	85.0	7.0	1.0	0.0	2.0	0.0	1.0	9.0	1.0	4.0	0.0	0.0	0.0	0.0	0.0	0.0	0.0	0.0	0.0	0.0	0.0	0.0	0.0	0.0	0.0	0.0	0.0	0.0	0.0	0.0	0.0	0.0	0.0	0.0	0.0	0.0	0.0	0.0	0.0	0.0	0.0	0.0	0.0	0.0	0.0	1.0	0.0	0.0	0.0	0.0	1.0	1.0	11.0	0.0	6.0	1.0	0.0	0.0	3.0	0.0	3.0	1.0	0.0	4.0
k__Bacteria;p__Proteobacteria;c__Alphaproteobacteria;o__Sphingomonadales;f__Sphingomonadaceae;g__Sphingobium	0.0	1.0	0.0	0.0	0.0	0.0	0.0	0.0	2.0	0.0	1.0	0.0	0.0	0.0	0.0	0.0	0.0	1.0	0.0	0.0	0.0	0.0	0.0	0.0	0.0	1.0	0.0	2.0	0.0	0.0	0.0	0.0	0.0	0.0	0.0	0.0	0.0	0.0	1.0	0.0	1.0	0.0	0.0	0.0	0.0	0.0	0.0	0.0	0.0	0.0	0.0	0.0	0.0	1.0	0.0	0.0	0.0	0.0	0.0	0.0	0.0	0.0	0.0	0.0	0.0	0.0	0.0	0.0	0.0	0.0	0.0	0.0	0.0	3.0	0.0	0.0	0.0	0.0	0.0	0.0	0.0	0.0	0.0	0.0	0.0	0.0	0.0	0.0	0.0	0.0
k__Bacteria;p__Proteobacteria;c__Alphaproteobacteria;o__Sphingomonadales;f__Sphingomonadaceae;g__Sphingomonas	4.0	0.0	3.0	0.0	1.0	1.0	0.0	0.0	0.0	0.0	0.0	1.0	2.0	0.0	3.0	2.0	0.0	0.0	0.0	0.0	0.0	0.0	0.0	0.0	1.0	0.0	1.0	0.0	0.0	1.0	0.0	0.0	0.0	0.0	0.0	1.0	0.0	0.0	0.0	0.0	0.0	0.0	0.0	0.0	0.0	0.0	0.0	0.0	0.0	0.0	0.0	0.0	0.0	0.0	0.0	0.0	0.0	0.0	0.0	0.0	0.0	0.0	0.0	0.0	0.0	0.0	0.0	0.0	0.0	0.0	0.0	0.0	0.0	0.0	0.0	0.0	0.0	1.0	0.0	0.0	0.0	0.0	0.0	0.0	1.0	1.0	0.0	0.0	0.0	0.0
k__Bacteria;p__Proteobacteria;c__Betaproteobacteria;o__Burkholderiales;f__;g__	0.0	1.0	0.0	0.0	0.0	0.0	0.0	0.0	0.0	0.0	0.0	0.0	1.0	0.0	0.0	0.0	0.0	0.0	0.0	0.0	0.0	0.0	0.0	0.0	0.0	0.0	0.0	0.0	0.0	0.0	0.0	0.0	0.0	0.0	0.0	0.0	0.0	0.0	0.0	0.0	2.0	0.0	0.0	0.0	0.0	0.0	1.0	0.0	2.0	0.0	0.0	0.0	0.0	0.0	0.0	1.0	0.0	0.0	0.0	0.0	0.0	0.0	0.0	0.0	0.0	0.0	0.0	0.0	0.0	0.0	0.0	0.0	0.0	0.0	0.0	0.0	0.0	0.0	0.0	0.0	0.0	0.0	0.0	0.0	0.0	0.0	0.0	0.0	0.0	0.0
k__Bacteria;p__Proteobacteria;c__Betaproteobacteria;o__Burkholderiales;f__Alcaligenaceae;g__Sutterella	0.0	0.0	1.0	1.0	0.0	0.0	9.0	0.0	305.0	17.0	0.0	0.0	1.0	0.0	0.0	0.0	0.0	0.0	1.0	17.0	3.0	2.0	5.0	0.0	0.0	0.0	13.0	0.0	13.0	0.0	1.0	8.0	7.0	0.0	5.0	2.0	43.0	49.0	64.0	21.0	29.0	1.0	36.0	1.0	27.0	2.0	8.0	1.0	3.0	1.0	21.0	8.0	16.0	24.0	29.0	5.0	21.0	15.0	13.0	15.0	19.0	1.0	4.0	34.0	14.0	20.0	35.0	10.0	8.0	13.0	0.0	2.0	10.0	22.0	4.0	1.0	1.0	25.0	0.0	1.0	1.0	8.0	0.0	1.0	0.0	1.0	0.0	0.0	1.0	1.0
k__Bacteria;p__Proteobacteria;c__Betaproteobacteria;o__Burkholderiales;f__Comamonadaceae;g__	0.0	0.0	1.0	1.0	0.0	0.0	0.0	0.0	0.0	0.0	0.0	0.0	0.0	0.0	0.0	0.0	0.0	0.0	1.0	0.0	1.0	1.0	0.0	0.0	1.0	0.0	4.0	2.0	1.0	0.0	0.0	0.0	0.0	5.0	1.0	2.0	0.0	0.0	0.0	1.0	2.0	1.0	1.0	0.0	0.0	1.0	1.0	0.0	0.0	3.0	0.0	0.0	0.0	1.0	0.0	0.0	0.0	0.0	0.0	0.0	0.0	1.0	0.0	0.0	0.0	0.0	0.0	0.0	3.0	0.0	1.0	1.0	1.0	0.0	0.0	0.0	1.0	1.0	0.0	0.0	0.0	0.0	0.0	0.0	0.0	1.0	1.0	0.0	0.0	0.0
k__Bacteria;p__Proteobacteria;c__Betaproteobacteria;o__Burkholderiales;f__Comamonadaceae;g__Comamonas	1.0	0.0	0.0	0.0	0.0	0.0	0.0	0.0	0.0	0.0	0.0	0.0	0.0	0.0	0.0	0.0	0.0	0.0	0.0	1.0	0.0	0.0	0.0	0.0	0.0	1.0	0.0	0.0	0.0	0.0	0.0	0.0	0.0	0.0	0.0	1.0	0.0	0.0	0.0	2.0	0.0	0.0	0.0	0.0	0.0	0.0	0.0	0.0	0.0	0.0	0.0	0.0	0.0	0.0	0.0	0.0	0.0	0.0	0.0	0.0	0.0	0.0	0.0	0.0	0.0	0.0	0.0	0.0	3.0	0.0	0.0	0.0	0.0	0.0	0.0	0.0	0.0	0.0	0.0	0.0	0.0	0.0	0.0	0.0	0.0	0.0	0.0	0.0	0.0	0.0
k__Bacteria;p__Proteobacteria;c__Betaproteobacteria;o__Burkholderiales;f__Comamonadaceae;g__Limnohabitans	1.0	0.0	0.0	0.0	0.0	0.0	0.0	0.0	1.0	0.0	0.0	0.0	0.0	0.0	0.0	0.0	0.0	0.0	0.0	0.0	0.0	0.0	0.0	0.0	0.0	1.0	2.0	0.0	0.0	1.0	1.0	0.0	1.0	1.0	0.0	0.0	0.0	1.0	0.0	0.0	0.0	0.0	2.0	0.0	0.0	0.0	2.0	0.0	3.0	5.0	0.0	0.0	0.0	0.0	3.0	3.0	0.0	0.0	0.0	0.0	0.0	0.0	0.0	0.0	0.0	0.0	0.0	0.0	0.0	0.0	1.0	0.0	0.0	0.0	0.0	0.0	0.0	1.0	0.0	0.0	0.0	0.0	0.0	0.0	0.0	0.0	0.0	0.0	0.0	0.0
k__Bacteria;p__Proteobacteria;c__Betaproteobacteria;o__Burkholderiales;f__Oxalobacteraceae;g__	0.0	0.0	1.0	0.0	0.0	0.0	0.0	0.0	0.0	0.0	0.0	0.0	0.0	0.0	0.0	0.0	0.0	0.0	0.0	0.0	0.0	0.0	0.0	0.0	1.0	0.0	0.0	0.0	0.0	0.0	0.0	0.0	0.0	0.0	0.0	0.0	0.0	3.0	2.0	1.0	0.0	0.0	1.0	0.0	1.0	0.0	1.0	0.0	1.0	0.0	0.0	0.0	1.0	1.0	0.0	0.0	0.0	1.0	1.0	0.0	2.0	0.0	2.0	1.0	0.0	1.0	0.0	0.0	1.0	0.0	0.0	1.0	3.0	0.0	1.0	0.0	0.0	0.0	0.0	0.0	0.0	0.0	0.0	1.0	0.0	2.0	0.0	0.0	0.0	0.0
k__Bacteria;p__Proteobacteria;c__Betaproteobacteria;o__Burkholderiales;f__Oxalobacteraceae;g__Oxalobacter	0.0	2.0	24.0	3.0	0.0	1.0	0.0	0.0	0.0	0.0	0.0	1.0	5.0	1.0	1.0	0.0	1.0	1.0	9.0	21.0	14.0	1.0	21.0	1.0	0.0	20.0	10.0	18.0	1.0	0.0	1.0	4.0	0.0	21.0	1.0	1.0	11.0	46.0	44.0	21.0	17.0	7.0	30.0	6.0	25.0	19.0	23.0	25.0	20.0	9.0	17.0	8.0	18.0	17.0	7.0	14.0	7.0	6.0	4.0	13.0	12.0	18.0	7.0	18.0	15.0	24.0	19.0	10.0	18.0	6.0	23.0	9.0	21.0	21.0	14.0	7.0	3.0	0.0	0.0	7.0	4.0	0.0	1.0	4.0	4.0	9.0	0.0	3.0	0.0	1.0
k__Bacteria;p__Proteobacteria;c__Betaproteobacteria;o__Rhodocyclales;f__Rhodocyclaceae;g__Dechloromonas	0.0	0.0	0.0	0.0	0.0	0.0	0.0	0.0	0.0	0.0	0.0	0.0	0.0	0.0	0.0	0.0	0.0	0.0	0.0	0.0	0.0	0.0	0.0	0.0	0.0	0.0	0.0	0.0	0.0	0.0	0.0	0.0	0.0	1.0	0.0	0.0	0.0	0.0	0.0	0.0	0.0	2.0	0.0	0.0	0.0	0.0	0.0	2.0	3.0	2.0	0.0	0.0	1.0	0.0	1.0	0.0	0.0	0.0	0.0	0.0	0.0	0.0	0.0	0.0	0.0	0.0	0.0	0.0	0.0	0.0	4.0	1.0	0.0	0.0	0.0	0.0	0.0	0.0	0.0	0.0	0.0	0.0	0.0	0.0	0.0	0.0	1.0	0.0	0.0	0.0
k__Bacteria;p__Proteobacteria;c__Deltaproteobacteria;o__Desulfovibrionales;f__Desulfovibrionaceae;g__Desulfovibrio	3.0	1.0	3.0	23.0	0.0	0.0	0.0	0.0	2561.0	0.0	7.0	7.0	6.0	0.0	0.0	2.0	0.0	6.0	0.0	15.0	27.0	42.0	10.0	3.0	0.0	0.0	16.0	1.0	9.0	11.0	1.0	33.0	28.0	1.0	10.0	2.0	0.0	0.0	0.0	0.0	0.0	0.0	0.0	0.0	0.0	0.0	0.0	0.0	0.0	0.0	0.0	0.0	0.0	0.0	0.0	0.0	0.0	0.0	0.0	0.0	0.0	0.0	0.0	0.0	0.0	0.0	0.0	0.0	0.0	0.0	0.0	0.0	0.0	0.0	0.0	0.0	4.0	32.0	0.0	1.0	1.0	2.0	1.0	4.0	3.0	2.0	0.0	1.0	9.0	0.0
k__Bacteria;p__Proteobacteria;c__Deltaproteobacteria;o__Myxococcales;f__;g__	0.0	0.0	0.0	0.0	0.0	0.0	0.0	0.0	1.0	0.0	0.0	1.0	1.0	0.0	0.0	0.0	0.0	0.0	0.0	0.0	0.0	0.0	0.0	0.0	7.0	2.0	7.0	0.0	1.0	0.0	0.0	0.0	0.0	13.0	0.0	0.0	0.0	0.0	0.0	0.0	0.0	0.0	0.0	0.0	0.0	0.0	0.0	0.0	0.0	0.0	0.0	0.0	0.0	0.0	0.0	0.0	0.0	0.0	0.0	0.0	0.0	0.0	0.0	0.0	0.0	0.0	0.0	0.0	0.0	0.0	0.0	0.0	0.0	0.0	0.0	0.0	1.0	0.0	5.0	0.0	1.0	2.0	0.0	0.0	1.0	0.0	0.0	0.0	0.0	0.0
k__Bacteria;p__Proteobacteria;c__Deltaproteobacteria;o__Myxococcales;f__Cystobacteraceae;g__	0.0	0.0	0.0	0.0	0.0	0.0	0.0	0.0	0.0	0.0	0.0	0.0	0.0	0.0	0.0	0.0	1.0	0.0	0.0	0.0	0.0	0.0	0.0	0.0	0.0	0.0	4.0	0.0	1.0	0.0	0.0	0.0	0.0	0.0	1.0	1.0	0.0	0.0	0.0	0.0	0.0	0.0	0.0	0.0	0.0	0.0	0.0	0.0	0.0	0.0	0.0	0.0	0.0	0.0	0.0	0.0	0.0	0.0	0.0	0.0	0.0	0.0	0.0	0.0	0.0	0.0	0.0	0.0	0.0	0.0	0.0	0.0	0.0	0.0	0.0	0.0	0.0	0.0	1.0	0.0	3.0	0.0	0.0	0.0	0.0	0.0	0.0	0.0	0.0	0.0
k__Bacteria;p__Proteobacteria;c__Epsilonproteobacteria;o__Campylobacterales;f__Campylobacteraceae;g__Campylobacter	0.0	9.0	8.0	0.0	18.0	16.0	0.0	0.0	0.0	0.0	1.0	0.0	6.0	7.0	0.0	2.0	0.0	9.0	0.0	0.0	4.0	0.0	0.0	3.0	0.0	11.0	9.0	8.0	3.0	7.0	2.0	11.0	2.0	7.0	0.0	9.0	30.0	125.0	162.0	44.0	59.0	13.0	51.0	5.0	8.0	0.0	6.0	2.0	4.0	0.0	70.0	15.0	8.0	49.0	103.0	31.0	7.0	15.0	27.0	9.0	19.0	0.0	42.0	19.0	16.0	13.0	49.0	36.0	0.0	0.0	5.0	102.0	1.0	4.0	11.0	5.0	0.0	23.0	2.0	0.0	1.0	5.0	5.0	1.0	0.0	2.0	10.0	1.0	0.0	0.0
k__Bacteria;p__Proteobacteria;c__Epsilonproteobacteria;o__Campylobacterales;f__Helicobacteraceae;g__	0.0	0.0	1.0	0.0	0.0	2.0	0.0	0.0	0.0	0.0	0.0	0.0	0.0	1.0	0.0	0.0	0.0	0.0	0.0	0.0	1.0	0.0	0.0	0.0	0.0	0.0	0.0	1.0	0.0	0.0	0.0	0.0	0.0	0.0	1.0	1.0	0.0	0.0	0.0	0.0	0.0	0.0	0.0	0.0	0.0	0.0	0.0	0.0	0.0	0.0	0.0	0.0	0.0	0.0	0.0	0.0	0.0	0.0	0.0	0.0	0.0	0.0	0.0	0.0	0.0	0.0	0.0	0.0	0.0	0.0	0.0	0.0	0.0	0.0	0.0	0.0	0.0	0.0	0.0	0.0	0.0	0.0	0.0	0.0	1.0	2.0	0.0	0.0	0.0	0.0
k__Bacteria;p__Proteobacteria;c__Epsilonproteobacteria;o__Campylobacterales;f__Helicobacteraceae;g__Flexispira	7.0	19.0	39.0	44.0	41.0	20.0	95.0	0.0	177.0	34.0	4.0	0.0	19.0	15.0	19.0	1.0	1.0	10.0	0.0	20.0	118.0	1.0	20.0	0.0	7.0	8.0	12.0	29.0	1.0	3.0	0.0	3.0	1.0	4.0	47.0	13.0	3.0	38.0	30.0	2.0	19.0	1.0	6.0	0.0	1.0	2.0	2.0	0.0	1.0	16.0	5.0	3.0	3.0	1.0	7.0	3.0	6.0	9.0	2.0	12.0	8.0	4.0	0.0	5.0	4.0	0.0	1.0	0.0	5.0	5.0	0.0	11.0	5.0	1.0	1.0	0.0	25.0	75.0	6.0	115.0	17.0	25.0	27.0	27.0	47.0	62.0	10.0	7.0	4.0	4.0
k__Bacteria;p__Proteobacteria;c__Epsilonproteobacteria;o__Campylobacterales;f__Helicobacteraceae;g__Helicobacter	0.0	0.0	0.0	0.0	1.0	0.0	0.0	0.0	1.0	0.0	0.0	0.0	0.0	0.0	0.0	0.0	0.0	0.0	0.0	0.0	0.0	0.0	0.0	0.0	0.0	0.0	0.0	1.0	0.0	0.0	0.0	0.0	0.0	0.0	0.0	1.0	0.0	0.0	0.0	0.0	0.0	0.0	0.0	0.0	0.0	0.0	0.0	0.0	0.0	0.0	0.0	0.0	0.0	0.0	0.0	0.0	0.0	0.0	0.0	0.0	0.0	0.0	0.0	0.0	0.0	0.0	0.0	0.0	0.0	0.0	0.0	0.0	0.0	0.0	0.0	0.0	0.0	0.0	0.0	1.0	0.0	0.0	0.0	0.0	0.0	0.0	0.0	1.0	0.0	1.0
k__Bacteria;p__Proteobacteria;c__Gammaproteobacteria;o__Aeromonadales;f__Aeromonadaceae;g__	1.0	0.0	3.0	0.0	2.0	1.0	0.0	0.0	0.0	0.0	0.0	4.0	1.0	0.0	0.0	0.0	0.0	0.0	0.0	2.0	0.0	0.0	0.0	0.0	0.0	0.0	0.0	0.0	0.0	0.0	0.0	0.0	0.0	0.0	0.0	0.0	0.0	0.0	0.0	0.0	0.0	0.0	0.0	0.0	0.0	0.0	0.0	0.0	0.0	0.0	0.0	0.0	0.0	0.0	0.0	0.0	0.0	0.0	0.0	0.0	0.0	0.0	0.0	0.0	0.0	0.0	0.0	0.0	0.0	0.0	0.0	0.0	0.0	0.0	0.0	0.0	0.0	0.0	0.0	0.0	0.0	0.0	0.0	0.0	0.0	0.0	0.0	0.0	0.0	0.0
k__Bacteria;p__Proteobacteria;c__Gammaproteobacteria;o__Enterobacteriales;f__Enterobacteriaceae;g__	13.0	5.0	8.0	3.0	99.0	21.0	0.0	2.0	35.0	2.0	3.0	17.0	2.0	1.0	3.0	1.0	0.0	1.0	6.0	11.0	8.0	2.0	2.0	0.0	0.0	4.0	6.0	0.0	1.0	0.0	1.0	0.0	6.0	0.0	0.0	9.0	1.0	0.0	0.0	1.0	0.0	0.0	3.0	0.0	0.0	0.0	3.0	4.0	5.0	0.0	0.0	0.0	0.0	0.0	1.0	0.0	0.0	0.0	0.0	0.0	0.0	0.0	0.0	0.0	0.0	0.0	2.0	0.0	16.0	0.0	0.0	0.0	0.0	0.0	0.0	0.0	0.0	0.0	0.0	0.0	0.0	0.0	0.0	1.0	0.0	0.0	0.0	1.0	0.0	0.0
k__Bacteria;p__Proteobacteria;c__Gammaproteobacteria;o__Enterobacteriales;f__Enterobacteriaceae;g__Citrobacter	0.0	5.0	5.0	0.0	19.0	2.0	0.0	0.0	0.0	1.0	2.0	13.0	1.0	0.0	2.0	3.0	0.0	2.0	1.0	4.0	6.0	0.0	1.0	0.0	0.0	0.0	0.0	0.0	1.0	0.0	0.0	0.0	0.0	0.0	0.0	0.0	0.0	0.0	0.0	0.0	0.0	0.0	0.0	0.0	0.0	0.0	0.0	0.0	0.0	0.0	0.0	0.0	0.0	0.0	0.0	0.0	0.0	0.0	0.0	0.0	0.0	0.0	0.0	0.0	0.0	0.0	0.0	0.0	0.0	0.0	0.0	0.0	0.0	0.0	0.0	0.0	0.0	0.0	0.0	0.0	0.0	0.0	0.0	0.0	0.0	0.0	0.0	0.0	0.0	0.0
k__Bacteria;p__Proteobacteria;c__Gammaproteobacteria;o__Enterobacteriales;f__Enterobacteriaceae;g__Enterobacter	1.0	1.0	0.0	1.0	1.0	0.0	0.0	0.0	1.0	0.0	0.0	0.0	0.0	0.0	0.0	0.0	0.0	0.0	0.0	0.0	0.0	0.0	0.0	0.0	0.0	0.0	0.0	0.0	1.0	0.0	0.0	0.0	0.0	0.0	0.0	0.0	0.0	0.0	0.0	0.0	0.0	0.0	0.0	0.0	0.0	0.0	0.0	0.0	0.0	0.0	0.0	0.0	0.0	0.0	0.0	0.0	0.0	0.0	0.0	0.0	0.0	0.0	0.0	0.0	0.0	0.0	0.0	0.0	0.0	0.0	0.0	0.0	0.0	0.0	0.0	0.0	0.0	0.0	0.0	0.0	0.0	0.0	0.0	0.0	0.0	0.0	0.0	0.0	0.0	0.0
k__Bacteria;p__Proteobacteria;c__Gammaproteobacteria;o__Enterobacteriales;f__Enterobacteriaceae;g__Erwinia	1.0	1.0	0.0	0.0	0.0	0.0	0.0	0.0	1.0	0.0	0.0	1.0	0.0	1.0	0.0	0.0	0.0	0.0	1.0	0.0	0.0	0.0	0.0	0.0	0.0	0.0	3.0	0.0	0.0	0.0	0.0	0.0	0.0	2.0	0.0	0.0	0.0	0.0	0.0	0.0	1.0	0.0	0.0	0.0	0.0	0.0	0.0	0.0	0.0	0.0	0.0	0.0	0.0	0.0	0.0	0.0	0.0	0.0	0.0	0.0	0.0	0.0	0.0	0.0	0.0	1.0	0.0	0.0	0.0	0.0	0.0	0.0	0.0	0.0	0.0	0.0	0.0	0.0	0.0	0.0	0.0	0.0	0.0	0.0	0.0	0.0	0.0	0.0	0.0	0.0
k__Bacteria;p__Proteobacteria;c__Gammaproteobacteria;o__Pasteurellales;f__Pasteurellaceae;g__	5.0	0.0	1.0	2.0	2.0	0.0	0.0	0.0	0.0	0.0	0.0	0.0	0.0	0.0	0.0	0.0	0.0	0.0	0.0	0.0	0.0	0.0	0.0	0.0	0.0	0.0	1.0	0.0	0.0	0.0	0.0	0.0	2.0	0.0	0.0	0.0	0.0	0.0	0.0	0.0	0.0	0.0	0.0	0.0	0.0	0.0	0.0	0.0	0.0	0.0	0.0	0.0	0.0	0.0	0.0	0.0	0.0	0.0	0.0	0.0	0.0	0.0	0.0	0.0	0.0	0.0	0.0	0.0	0.0	0.0	0.0	0.0	0.0	0.0	0.0	0.0	0.0	0.0	0.0	0.0	0.0	0.0	0.0	0.0	0.0	0.0	0.0	0.0	0.0	0.0
k__Bacteria;p__Proteobacteria;c__Gammaproteobacteria;o__Pasteurellales;f__Pasteurellaceae;g__Aggregatibacter	4.0	2.0	1.0	2.0	2.0	1.0	0.0	0.0	0.0	0.0	0.0	8.0	0.0	0.0	0.0	1.0	0.0	0.0	0.0	1.0	0.0	0.0	0.0	0.0	0.0	0.0	0.0	0.0	0.0	0.0	1.0	0.0	0.0	1.0	0.0	0.0	0.0	0.0	0.0	0.0	0.0	0.0	0.0	0.0	0.0	0.0	0.0	0.0	0.0	0.0	0.0	0.0	0.0	0.0	0.0	0.0	0.0	0.0	0.0	0.0	0.0	0.0	0.0	0.0	0.0	0.0	0.0	0.0	0.0	0.0	0.0	0.0	0.0	0.0	0.0	0.0	0.0	0.0	0.0	0.0	0.0	0.0	0.0	0.0	0.0	0.0	0.0	0.0	0.0	0.0
k__Bacteria;p__Proteobacteria;c__Gammaproteobacteria;o__Pasteurellales;f__Pasteurellaceae;g__Necropsobacter	67.0	46.0	14.0	7.0	23.0	13.0	0.0	0.0	0.0	0.0	0.0	8.0	0.0	0.0	2.0	0.0	0.0	0.0	0.0	1.0	1.0	0.0	0.0	1.0	6.0	0.0	0.0	0.0	0.0	0.0	0.0	0.0	3.0	3.0	0.0	0.0	0.0	0.0	0.0	0.0	0.0	0.0	0.0	0.0	0.0	0.0	0.0	0.0	0.0	0.0	0.0	0.0	0.0	0.0	0.0	0.0	0.0	0.0	0.0	0.0	0.0	0.0	0.0	0.0	0.0	0.0	0.0	0.0	0.0	0.0	0.0	0.0	0.0	0.0	0.0	0.0	0.0	0.0	0.0	0.0	0.0	0.0	0.0	0.0	0.0	0.0	0.0	0.0	0.0	0.0
k__Bacteria;p__Proteobacteria;c__Gammaproteobacteria;o__Pasteurellales;f__Pasteurellaceae;g__Pasteurella	9.0	0.0	1.0	0.0	1.0	0.0	0.0	0.0	0.0	0.0	1.0	0.0	0.0	0.0	0.0	1.0	0.0	0.0	0.0	0.0	0.0	0.0	0.0	0.0	0.0	0.0	1.0	0.0	0.0	0.0	0.0	0.0	0.0	0.0	1.0	0.0	0.0	0.0	0.0	0.0	0.0	0.0	0.0	0.0	0.0	0.0	0.0	0.0	0.0	0.0	0.0	0.0	0.0	0.0	0.0	0.0	0.0	0.0	0.0	0.0	0.0	0.0	0.0	0.0	0.0	0.0	0.0	0.0	0.0	0.0	0.0	0.0	0.0	0.0	0.0	0.0	0.0	0.0	0.0	0.0	0.0	0.0	0.0	0.0	0.0	0.0	0.0	0.0	0.0	0.0
k__Bacteria;p__Proteobacteria;c__Gammaproteobacteria;o__Pseudomonadales;f__Moraxellaceae;g__Acinetobacter	4.0	3.0	835.0	2.0	0.0	3.0	5.0	3.0	1.0	4.0	3.0	17.0	1.0	0.0	2.0	0.0	0.0	8.0	9.0	5.0	6.0	2.0	1.0	0.0	0.0	764.0	3.0	0.0	3.0	0.0	2.0	0.0	0.0	0.0	0.0	19.0	0.0	19.0	0.0	2.0	0.0	0.0	0.0	1.0	0.0	0.0	0.0	0.0	0.0	0.0	0.0	0.0	0.0	4.0	0.0	3.0	0.0	0.0	0.0	0.0	0.0	4.0	0.0	0.0	0.0	0.0	0.0	0.0	33.0	0.0	0.0	0.0	0.0	0.0	2.0	0.0	0.0	0.0	0.0	0.0	0.0	0.0	0.0	0.0	0.0	0.0	0.0	0.0	0.0	0.0
k__Bacteria;p__Proteobacteria;c__Gammaproteobacteria;o__Pseudomonadales;f__Pseudomonadaceae;g__Pseudomonas	0.0	2.0	0.0	0.0	2.0	0.0	3.0	0.0	3.0	0.0	3.0	2.0	4.0	2.0	1.0	2.0	0.0	1.0	2.0	17.0	1.0	1.0	1.0	1.0	3.0	3.0	2.0	3.0	1.0	0.0	2.0	1.0	0.0	7.0	9.0	3.0	8.0	20.0	10.0	8.0	11.0	7.0	11.0	4.0	0.0	0.0	6.0	3.0	3.0	3.0	3.0	0.0	3.0	6.0	13.0	6.0	2.0	0.0	3.0	0.0	0.0	0.0	0.0	2.0	0.0	0.0	2.0	4.0	5.0	0.0	7.0	0.0	0.0	9.0	6.0	1.0	1.0	0.0	3.0	0.0	3.0	0.0	0.0	2.0	0.0	0.0	0.0	3.0	0.0	0.0
k__Bacteria;p__Proteobacteria;c__Gammaproteobacteria;o__Xanthomonadales;f__Sinobacteraceae;g__	0.0	0.0	0.0	0.0	0.0	0.0	0.0	0.0	0.0	0.0	0.0	0.0	0.0	0.0	0.0	0.0	0.0	0.0	0.0	0.0	1.0	0.0	0.0	0.0	3.0	0.0	5.0	2.0	0.0	0.0	1.0	0.0	0.0	0.0	1.0	1.0	0.0	0.0	0.0	0.0	0.0	0.0	0.0	0.0	0.0	0.0	0.0	0.0	0.0	0.0	0.0	0.0	0.0	0.0	0.0	0.0	0.0	0.0	0.0	0.0	0.0	0.0	0.0	0.0	0.0	0.0	0.0	0.0	0.0	0.0	0.0	0.0	1.0	0.0	0.0	0.0	1.0	0.0	0.0	0.0	1.0	0.0	0.0	0.0	2.0	0.0	0.0	1.0	0.0	1.0
k__Bacteria;p__Proteobacteria;c__Gammaproteobacteria;o__Xanthomonadales;f__Sinobacteraceae;g__Steroidobacter	0.0	0.0	0.0	0.0	0.0	0.0	0.0	0.0	0.0	0.0	0.0	0.0	0.0	0.0	1.0	0.0	0.0	0.0	0.0	0.0	0.0	0.0	0.0	0.0	2.0	0.0	10.0	2.0	1.0	0.0	0.0	0.0	0.0	5.0	2.0	0.0	0.0	0.0	0.0	0.0	0.0	0.0	0.0	0.0	0.0	0.0	0.0	0.0	0.0	0.0	0.0	0.0	0.0	0.0	0.0	0.0	0.0	0.0	0.0	0.0	0.0	0.0	0.0	0.0	0.0	0.0	0.0	0.0	0.0	0.0	0.0	0.0	0.0	0.0	0.0	0.0	0.0	0.0	1.0	0.0	1.0	0.0	0.0	0.0	0.0	0.0	0.0	0.0	0.0	0.0
k__Bacteria;p__Proteobacteria;c__Gammaproteobacteria;o__Xanthomonadales;f__Xanthomonadaceae;g__	0.0	0.0	0.0	0.0	0.0	0.0	1.0	0.0	0.0	0.0	0.0	0.0	0.0	0.0	0.0	0.0	1.0	0.0	0.0	0.0	0.0	1.0	0.0	0.0	1.0	0.0	5.0	1.0	1.0	0.0	0.0	0.0	0.0	2.0	1.0	0.0	0.0	1.0	0.0	0.0	0.0	0.0	3.0	0.0	0.0	0.0	1.0	0.0	4.0	0.0	0.0	0.0	0.0	0.0	0.0	0.0	0.0	0.0	0.0	0.0	0.0	0.0	1.0	1.0	0.0	0.0	0.0	2.0	0.0	0.0	1.0	0.0	0.0	0.0	1.0	0.0	0.0	0.0	1.0	0.0	3.0	0.0	0.0	0.0	0.0	0.0	0.0	1.0	1.0	0.0
k__Bacteria;p__Proteobacteria;c__Gammaproteobacteria;o__Xanthomonadales;f__Xanthomonadaceae;g__Stenotrophomonas	1.0	0.0	0.0	0.0	0.0	0.0	0.0	0.0	0.0	0.0	0.0	0.0	0.0	0.0	0.0	0.0	0.0	0.0	0.0	0.0	0.0	0.0	0.0	0.0	10.0	1.0	0.0	0.0	0.0	1.0	1.0	0.0	0.0	0.0	3.0	0.0	0.0	0.0	0.0	2.0	0.0	0.0	0.0	0.0	0.0	0.0	0.0	0.0	0.0	0.0	0.0	0.0	0.0	0.0	0.0	0.0	0.0	0.0	0.0	0.0	0.0	0.0	0.0	0.0	0.0	0.0	0.0	0.0	0.0	0.0	0.0	0.0	0.0	0.0	0.0	0.0	0.0	0.0	0.0	0.0	0.0	0.0	0.0	0.0	0.0	0.0	0.0	0.0	0.0	0.0
k__Bacteria;p__Spirochaetes;c__Spirochaetes;o__Spirochaetales;f__Spirochaetaceae;g__Treponema	0.0	0.0	0.0	0.0	0.0	0.0	0.0	0.0	0.0	0.0	0.0	0.0	0.0	141.0	0.0	122.0	656.0	0.0	0.0	1515.0	1.0	0.0	190.0	0.0	0.0	1.0	1.0	0.0	0.0	0.0	0.0	0.0	0.0	0.0	0.0	0.0	0.0	0.0	1.0	0.0	0.0	0.0	0.0	0.0	0.0	0.0	1.0	0.0	0.0	0.0	0.0	0.0	0.0	0.0	0.0	0.0	0.0	1.0	0.0	0.0	0.0	0.0	0.0	0.0	1.0	0.0	0.0	0.0	0.0	0.0	0.0	0.0	0.0	0.0	0.0	0.0	0.0	0.0	0.0	0.0	0.0	0.0	0.0	0.0	0.0	0.0	0.0	0.0	0.0	0.0
k__Bacteria;p__TM7;c__TM7-3;o__CW040;f__F16;g__	0.0	0.0	0.0	0.0	0.0	0.0	0.0	0.0	0.0	0.0	0.0	0.0	2.0	1.0	0.0	0.0	0.0	1.0	0.0	0.0	1.0	0.0	0.0	1.0	0.0	2.0	2.0	1.0	1.0	0.0	1.0	0.0	1.0	0.0	0.0	0.0	0.0	0.0	0.0	0.0	0.0	0.0	0.0	1.0	0.0	0.0	0.0	1.0	0.0	0.0	0.0	0.0	0.0	0.0	0.0	0.0	0.0	0.0	0.0	0.0	0.0	0.0	0.0	0.0	0.0	0.0	0.0	0.0	0.0	0.0	0.0	0.0	0.0	0.0	1.0	0.0	2.0	0.0	0.0	0.0	0.0	1.0	0.0	0.0	0.0	0.0	0.0	0.0	1.0	0.0
k__Bacteria;p__Tenericutes;c__Mollicutes;o__Anaeroplasmatales;f__Anaeroplasmataceae;g__	0.0	0.0	0.0	0.0	0.0	0.0	0.0	0.0	0.0	1.0	0.0	0.0	0.0	0.0	0.0	0.0	0.0	0.0	0.0	0.0	0.0	0.0	0.0	0.0	0.0	0.0	0.0	0.0	0.0	0.0	0.0	0.0	0.0	0.0	0.0	0.0	6.0	24.0	27.0	17.0	14.0	0.0	11.0	5.0	0.0	3.0	2.0	0.0	3.0	6.0	5.0	1.0	10.0	10.0	20.0	3.0	6.0	7.0	13.0	7.0	0.0	6.0	4.0	7.0	5.0	8.0	22.0	1.0	5.0	2.0	3.0	1.0	5.0	2.0	5.0	2.0	0.0	0.0	0.0	0.0	0.0	0.0	0.0	0.0	0.0	0.0	0.0	0.0	0.0	0.0
k__Bacteria;p__Tenericutes;c__Mollicutes;o__RF39;f__;g__	2032.0	2489.0	2066.0	1404.0	1083.0	1185.0	234.0	299.0	1.0	9.0	1146.0	472.0	5172.0	1383.0	978.0	267.0	3437.0	1825.0	3238.0	2006.0	3795.0	1294.0	494.0	762.0	2741.0	3669.0	2213.0	3969.0	566.0	183.0	2299.0	334.0	2774.0	1988.0	2013.0	1255.0	1616.0	4882.0	2653.0	918.0	3042.0	1172.0	13697.0	2194.0	2434.0	2515.0	2209.0	1817.0	1317.0	3168.0	1278.0	459.0	928.0	3025.0	1905.0	1253.0	3327.0	1518.0	206.0	1706.0	1936.0	221.0	895.0	1163.0	2465.0	1368.0	1957.0	3565.0	540.0	639.0	1550.0	1059.0	1045.0	2265.0	1376.0	2692.0	1481.0	1.0	1061.0	444.0	1612.0	2212.0	3854.0	1663.0	1334.0	544.0	1483.0	3504.0	2503.0	1409.0
k__Bacteria;p__Tenericutes;c__RF3;o__ML615J-28;f__;g__	0.0	0.0	0.0	0.0	0.0	0.0	1.0	0.0	0.0	0.0	0.0	0.0	0.0	0.0	0.0	0.0	0.0	0.0	0.0	0.0	0.0	0.0	0.0	0.0	0.0	0.0	0.0	0.0	0.0	1.0	0.0	0.0	0.0	0.0	0.0	0.0	99.0	116.0	112.0	39.0	78.0	19.0	86.0	15.0	16.0	30.0	42.0	25.0	17.0	41.0	31.0	4.0	23.0	91.0	5.0	12.0	27.0	27.0	21.0	29.0	25.0	40.0	66.0	86.0	20.0	38.0	76.0	78.0	47.0	53.0	76.0	17.0	59.0	60.0	22.0	31.0	0.0	0.0	0.0	0.0	0.0	0.0	0.0	0.0	0.0	0.0	0.0	0.0	0.0	0.0
k__Bacteria;p__Verrucomicrobia;c__Opitutae;o__HA64;f__;g__	0.0	0.0	0.0	0.0	0.0	0.0	0.0	0.0	0.0	0.0	0.0	0.0	0.0	0.0	0.0	0.0	0.0	0.0	0.0	0.0	0.0	0.0	0.0	0.0	0.0	0.0	0.0	0.0	0.0	0.0	0.0	0.0	0.0	0.0	0.0	0.0	3.0	0.0	3.0	0.0	0.0	0.0	0.0	0.0	0.0	0.0	0.0	0.0	0.0	0.0	0.0	0.0	0.0	0.0	0.0	1.0	10.0	0.0	0.0	0.0	0.0	0.0	0.0	0.0	0.0	0.0	1.0	0.0	0.0	0.0	0.0	1.0	0.0	0.0	0.0	0.0	0.0	0.0	0.0	0.0	0.0	0.0	0.0	0.0	0.0	0.0	0.0	0.0	0.0	0.0
k__Bacteria;p__Verrucomicrobia;c__Opitutae;o__[Cerasicoccales];f__[Cerasicoccaceae];g__	3.0	7.0	5.0	14.0	18.0	19.0	0.0	0.0	0.0	0.0	55.0	8.0	15.0	1.0	0.0	3.0	11.0	4.0	9.0	306.0	64.0	0.0	16.0	0.0	1.0	5.0	1.0	12.0	0.0	0.0	0.0	20.0	0.0	5.0	30.0	0.0	0.0	0.0	0.0	0.0	0.0	0.0	0.0	0.0	0.0	0.0	0.0	0.0	0.0	0.0	0.0	0.0	0.0	0.0	0.0	0.0	0.0	0.0	0.0	0.0	0.0	0.0	0.0	0.0	0.0	0.0	0.0	0.0	0.0	0.0	0.0	0.0	0.0	0.0	0.0	0.0	1.0	4.0	26.0	44.0	9.0	1.0	6.0	0.0	1.0	24.0	12.0	7.0	5.0	0.0
k__Bacteria;p__Verrucomicrobia;c__Verrucomicrobiae;o__Verrucomicrobiales;f__Verrucomicrobiaceae;g__Akkermansia	0.0	0.0	0.0	1.0	1.0	1.0	550.0	7.0	0.0	404.0	1.0	2.0	0.0	2.0	0.0	2.0	0.0	1.0	0.0	1.0	2.0	2.0	1.0	1.0	0.0	1.0	1.0	1.0	1.0	0.0	0.0	1.0	1.0	2.0	0.0	1.0	1914.0	3718.0	26.0	1.0	7.0	3462.0	3572.0	2639.0	1.0	672.0	20.0	7.0	335.0	1755.0	0.0	0.0	1546.0	0.0	7.0	0.0	0.0	9.0	0.0	0.0	2.0	0.0	4568.0	222.0	0.0	1.0	43.0	284.0	427.0	5131.0	324.0	7.0	1516.0	689.0	71.0	579.0	2.0	21.0	2.0	0.0	1.0	0.0	1.0	1.0	2.0	1.0	1.0	1.0	2.0	1.0