# Constructed from biom file
#OTU ID	St_Patrick	Abita	Callopie	Alana	Unknown	Dyani	Abu	Captive_Baby	Marra	Nilsson	Unknown_FRC5	Nyx	Ariadne	Luna	Minerva	Jordan	Corey	Theodora	Bathsheba	Odysseus	Ivy	Ivanhoe	Octavia	Unknown_G2.3	Unknown_G2.2	Wings	Orf	Juniper	Azalea	Mimosa	Agate	Zanahoria	Rambo_II	Siobhan	Unknown_G2.1	Talia	LFG_AM (LFM)	LSG_AM (LSM)	LSG_AFO	LSG_Unknown	LSG_AFY	RSG_AM_2	RSG_AM (RSM)	RSG_SubAM_1	UNKG_Unknown_1	UNKG_Unknown_2	UNKG_Unknown_3	UNKG_Unknown_4	UNKG_Unknown_5	UNKG_Unknown_6	UNKG_Unknown_7	UNKG_Unknown_8	UNKG_Unknown_9	UNKG_Unknown_10	UNKG_Unknown_11	UNKG_Unknown_12	UNKG_Unknown_13	UNKG_Unknown_14	UNKG_Unknown_15	UNKG_Unknown_16	UNKG_Unknown_17	UNKG_Unknown_18	UNKG_Unknown_19	UNKG_Unknown_20	UNKG_Unknown_21	UNKG_Unknown_22	UNKG_Unknown_23	UNKG_Unknown_24	UNKG_Unknown_25	UNKG_Unknown_26	UNKG_Unknown_27	UNKG_Unknown_28	UNKG_Unknown_29	UNKG_Unknown_30	UNKG_Unknown_31	UNKG_Unknown_32	URG.1	URG.10	URG.11	URG.12	URG.13	URG.14	URG.2	URG.3	URG.4	URG.5	URG.6	URG.7	URG.8	URG.9
k__Archaea;p__Euryarchaeota	860.0	571.0	2032.0	412.0	591.0	283.0	0.0	0.0	0.0	0.0	1347.0	1256.0	1754.0	930.0	665.0	25.0	612.0	4016.0	862.0	932.0	1634.0	579.0	109.0	1057.0	343.0	641.0	809.0	612.0	50.0	1128.0	1198.0	189.0	193.0	2135.0	905.0	1407.0	0.0	5.0	1.0	0.0	0.0	1.0	1.0	0.0	0.0	0.0	0.0	0.0	0.0	0.0	0.0	0.0	0.0	0.0	0.0	0.0	0.0	0.0	0.0	0.0	0.0	0.0	0.0	0.0	0.0	0.0	0.0	1.0	0.0	0.0	0.0	0.0	1.0	0.0	0.0	0.0	343.0	41.0	1396.0	258.0	548.0	197.0	496.0	682.0	914.0	543.0	1197.0	885.0	279.0	493.0
k__Bacteria;p__Acidobacteria	0.0	0.0	0.0	0.0	0.0	0.0	0.0	0.0	0.0	0.0	0.0	0.0	1.0	0.0	0.0	0.0	1.0	0.0	0.0	0.0	0.0	0.0	0.0	0.0	1.0	0.0	1.0	0.0	0.0	0.0	0.0	0.0	0.0	1.0	0.0	1.0	0.0	0.0	0.0	0.0	0.0	0.0	0.0	0.0	0.0	0.0	0.0	0.0	0.0	0.0	0.0	0.0	0.0	0.0	0.0	0.0	0.0	0.0	0.0	0.0	0.0	0.0	0.0	0.0	0.0	0.0	0.0	0.0	0.0	0.0	0.0	0.0	0.0	0.0	0.0	0.0	0.0	0.0	0.0	0.0	0.0	0.0	0.0	0.0	0.0	0.0	2.0	0.0	0.0	0.0
k__Bacteria;p__Actinobacteria	92.0	271.0	547.0	133.0	53.0	150.0	144.0	9498.0	1351.0	105.0	247.0	320.0	469.0	280.0	255.0	209.0	239.0	401.0	208.0	165.0	592.0	335.0	53.0	355.0	165.0	241.0	745.0	272.0	112.0	157.0	308.0	113.0	97.0	712.0	232.0	211.0	663.0	1981.0	998.0	2420.0	1019.0	588.0	1963.0	163.0	841.0	520.0	1910.0	2156.0	2638.0	851.0	705.0	2567.0	756.0	278.0	184.0	635.0	269.0	108.0	248.0	155.0	206.0	196.0	122.0	546.0	289.0	268.0	180.0	199.0	286.0	382.0	900.0	1004.0	543.0	591.0	732.0	235.0	162.0	1849.0	394.0	95.0	230.0	123.0	135.0	169.0	246.0	213.0	277.0	243.0	149.0	156.0
k__Bacteria;p__Bacteroidetes	21.0	143.0	296.0	1083.0	198.0	296.0	901.0	382.0	9927.0	361.0	112.0	47.0	614.0	33.0	324.0	65.0	154.0	66.0	70.0	231.0	2965.0	158.0	303.0	234.0	586.0	218.0	230.0	307.0	504.0	59.0	683.0	190.0	775.0	142.0	2907.0	3192.0	263.0	2705.0	3492.0	705.0	1256.0	152.0	790.0	149.0	234.0	182.0	369.0	140.0	535.0	383.0	776.0	546.0	1050.0	1891.0	2853.0	2010.0	766.0	3200.0	1162.0	1041.0	417.0	1638.0	734.0	1126.0	1024.0	292.0	534.0	969.0	439.0	836.0	96.0	122.0	360.0	333.0	235.0	167.0	268.0	156.0	713.0	1156.0	274.0	292.0	238.0	515.0	377.0	1171.0	617.0	1256.0	212.0	238.0
k__Bacteria;p__Chloroflexi	0.0	0.0	0.0	0.0	0.0	0.0	0.0	0.0	0.0	0.0	0.0	0.0	0.0	0.0	0.0	0.0	0.0	0.0	0.0	0.0	0.0	0.0	0.0	0.0	4.0	0.0	7.0	1.0	0.0	0.0	0.0	0.0	0.0	3.0	0.0	1.0	0.0	0.0	0.0	0.0	0.0	0.0	0.0	0.0	0.0	0.0	0.0	0.0	0.0	0.0	0.0	0.0	0.0	0.0	0.0	0.0	0.0	0.0	0.0	0.0	0.0	0.0	0.0	0.0	0.0	0.0	0.0	0.0	0.0	0.0	0.0	0.0	0.0	0.0	0.0	0.0	0.0	0.0	0.0	0.0	0.0	0.0	0.0	0.0	0.0	0.0	1.0	1.0	0.0	0.0
k__Bacteria;p__Cyanobacteria	2.0	30.0	12.0	17.0	11.0	12.0	13.0	204.0	0.0	9.0	63.0	3.0	8.0	14.0	6.0	7.0	8.0	4.0	7.0	51.0	10.0	3.0	67.0	7.0	64.0	54.0	37.0	95.0	73.0	15.0	27.0	16.0	28.0	1.0	92.0	6.0	22.0	91.0	39.0	28.0	38.0	42.0	127.0	10.0	2.0	14.0	37.0	23.0	66.0	20.0	47.0	9.0	33.0	41.0	7.0	33.0	64.0	2.0	5.0	10.0	113.0	33.0	37.0	48.0	12.0	9.0	116.0	3.0	25.0	14.0	48.0	36.0	22.0	48.0	51.0	6.0	15.0	2.0	10.0	26.0	6.0	21.0	41.0	18.0	26.0	20.0	15.0	36.0	24.0	6.0
k__Bacteria;p__Elusimicrobia	0.0	1.0	1.0	0.0	0.0	0.0	6.0	2.0	0.0	0.0	0.0	0.0	4.0	0.0	4.0	0.0	0.0	0.0	1.0	1.0	6.0	0.0	0.0	0.0	0.0	0.0	0.0	0.0	0.0	0.0	0.0	0.0	0.0	0.0	0.0	0.0	0.0	0.0	0.0	0.0	0.0	0.0	0.0	0.0	0.0	0.0	0.0	0.0	0.0	0.0	0.0	0.0	0.0	0.0	0.0	0.0	0.0	0.0	0.0	0.0	0.0	0.0	0.0	0.0	0.0	0.0	0.0	0.0	0.0	0.0	0.0	0.0	0.0	0.0	0.0	0.0	1.0	0.0	0.0	0.0	0.0	1.0	2.0	0.0	0.0	0.0	0.0	1.0	0.0	0.0
k__Bacteria;p__Firmicutes	25200.0	33291.0	65181.0	33527.0	31617.0	35004.0	48271.0	33477.0	11337.0	49354.0	24821.0	24673.0	58490.0	42075.0	17010.0	14111.0	22612.0	28248.0	46697.0	64466.0	62809.0	40343.0	23040.0	37452.0	31854.0	33551.0	68492.0	35302.0	27541.0	37563.0	34262.0	38269.0	25758.0	25563.0	33526.0	29381.0	69992.0	226096.0	203752.0	56463.0	121023.0	56437.0	226165.0	55188.0	48201.0	49181.0	72867.0	59965.0	54085.0	58531.0	70993.0	63368.0	52877.0	47848.0	59391.0	57509.0	37734.0	50731.0	67221.0	46521.0	63581.0	69701.0	52367.0	62612.0	56519.0	58347.0	59554.0	55927.0	73756.0	47172.0	61393.0	65636.0	62529.0	59792.0	59134.0	56091.0	34019.0	19432.0	31625.0	22680.0	34160.0	23811.0	36014.0	31450.0	34772.0	29505.0	40997.0	26546.0	35736.0	36209.0
k__Bacteria;p__Gemmatimonadetes	0.0	0.0	0.0	0.0	0.0	0.0	0.0	0.0	0.0	0.0	0.0	0.0	0.0	0.0	0.0	0.0	0.0	0.0	0.0	0.0	0.0	0.0	0.0	0.0	2.0	0.0	2.0	1.0	0.0	0.0	0.0	0.0	0.0	0.0	0.0	0.0	0.0	0.0	0.0	0.0	0.0	0.0	0.0	0.0	0.0	0.0	0.0	0.0	0.0	0.0	0.0	0.0	0.0	0.0	0.0	0.0	0.0	0.0	0.0	0.0	0.0	0.0	0.0	0.0	0.0	0.0	0.0	0.0	0.0	0.0	0.0	0.0	0.0	0.0	0.0	0.0	0.0	0.0	0.0	0.0	1.0	2.0	0.0	0.0	0.0	0.0	1.0	0.0	0.0	0.0
k__Bacteria;p__Lentisphaerae	0.0	2.0	0.0	0.0	0.0	0.0	0.0	0.0	0.0	0.0	0.0	0.0	3.0	0.0	0.0	0.0	0.0	0.0	0.0	5.0	1.0	0.0	2.0	0.0	0.0	0.0	0.0	0.0	0.0	1.0	0.0	0.0	0.0	0.0	0.0	2.0	0.0	0.0	0.0	0.0	0.0	0.0	0.0	0.0	0.0	0.0	0.0	0.0	0.0	0.0	0.0	0.0	0.0	0.0	0.0	0.0	0.0	0.0	0.0	0.0	0.0	0.0	0.0	0.0	0.0	0.0	0.0	0.0	0.0	0.0	0.0	0.0	0.0	0.0	0.0	0.0	0.0	0.0	0.0	0.0	0.0	0.0	1.0	0.0	0.0	0.0	0.0	0.0	0.0	1.0
k__Bacteria;p__Proteobacteria	131.0	100.0	965.0	94.0	216.0	83.0	114.0	5.0	3092.0	61.0	25.0	100.0	70.0	40.0	49.0	16.0	20.0	43.0	36.0	125.0	236.0	62.0	64.0	13.0	110.0	836.0	374.0	113.0	70.0	26.0	36.0	63.0	59.0	214.0	100.0	115.0	144.0	384.0	535.0	139.0	254.0	66.0	223.0	49.0	90.0	35.0	85.0	51.0	67.0	60.0	220.0	46.0	72.0	227.0	316.0	83.0	160.0	160.0	148.0	263.0	150.0	175.0	120.0	133.0	109.0	127.0	313.0	109.0	255.0	39.0	67.0	162.0	101.0	113.0	76.0	40.0	39.0	165.0	43.0	128.0	53.0	50.0	35.0	45.0	68.0	86.0	29.0	28.0	20.0	17.0
k__Bacteria;p__Spirochaetes	0.0	0.0	0.0	0.0	0.0	0.0	0.0	0.0	0.0	0.0	0.0	0.0	0.0	141.0	0.0	122.0	656.0	0.0	0.0	1515.0	1.0	0.0	190.0	0.0	0.0	1.0	1.0	0.0	0.0	0.0	0.0	0.0	0.0	0.0	0.0	0.0	0.0	0.0	1.0	0.0	0.0	0.0	0.0	0.0	0.0	0.0	1.0	0.0	0.0	0.0	0.0	0.0	0.0	0.0	0.0	0.0	0.0	1.0	0.0	0.0	0.0	0.0	0.0	0.0	1.0	0.0	0.0	0.0	0.0	0.0	0.0	0.0	0.0	0.0	0.0	0.0	0.0	0.0	0.0	0.0	0.0	0.0	0.0	0.0	0.0	0.0	0.0	0.0	0.0	0.0
k__Bacteria;p__TM7	0.0	0.0	0.0	0.0	0.0	0.0	0.0	0.0	0.0	0.0	0.0	0.0	2.0	1.0	0.0	0.0	0.0	1.0	0.0	0.0	1.0	0.0	0.0	1.0	0.0	2.0	2.0	1.0	1.0	0.0	1.0	0.0	1.0	0.0	0.0	0.0	0.0	0.0	0.0	0.0	0.0	0.0	0.0	1.0	0.0	0.0	0.0	1.0	0.0	0.0	0.0	0.0	0.0	0.0	0.0	0.0	0.0	0.0	0.0	0.0	0.0	0.0	0.0	0.0	0.0	0.0	0.0	0.0	0.0	0.0	0.0	0.0	0.0	0.0	1.0	0.0	2.0	0.0	0.0	0.0	0.0	1.0	0.0	0.0	0.0	0.0	0.0	0.0	1.0	0.0
k__Bacteria;p__Tenericutes	2032.0	2489.0	2066.0	1404.0	1083.0	1185.0	235.0	299.0	1.0	10.0	1146.0	472.0	5172.0	1383.0	978.0	267.0	3437.0	1825.0	3238.0	2006.0	3795.0	1294.0	494.0	762.0	2741.0	3669.0	2213.0	3969.0	566.0	184.0	2299.0	334.0	2774.0	1988.0	2013.0	1255.0	1721.0	5022.0	2792.0	974.0	3134.0	1191.0	13794.0	2214.0	2450.0	2548.0	2253.0	1842.0	1337.0	3215.0	1314.0	464.0	961.0	3126.0	1930.0	1268.0	3360.0	1552.0	240.0	1742.0	1961.0	267.0	965.0	1256.0	2490.0	1414.0	2055.0	3644.0	592.0	694.0	1629.0	1077.0	1109.0	2327.0	1403.0	2725.0	1481.0	1.0	1061.0	444.0	1612.0	2212.0	3854.0	1663.0	1334.0	544.0	1483.0	3504.0	2503.0	1409.0
k__Bacteria;p__Verrucomicrobia	3.0	7.0	5.0	15.0	19.0	20.0	550.0	7.0	0.0	404.0	56.0	10.0	15.0	3.0	0.0	5.0	11.0	5.0	9.0	307.0	66.0	2.0	17.0	1.0	1.0	6.0	2.0	13.0	1.0	0.0	0.0	21.0	1.0	7.0	30.0	1.0	1917.0	3718.0	29.0	1.0	7.0	3462.0	3572.0	2639.0	1.0	672.0	20.0	7.0	335.0	1755.0	0.0	0.0	1546.0	0.0	7.0	1.0	10.0	9.0	0.0	0.0	2.0	0.0	4568.0	222.0	0.0	1.0	44.0	284.0	427.0	5131.0	324.0	8.0	1516.0	689.0	71.0	579.0	3.0	25.0	28.0	44.0	10.0	1.0	7.0	1.0	3.0	25.0	13.0	8.0	7.0	1.0