# Constructed from biom file
#OTU ID	G12MB13	G12MB10	G2MB7	G12MB2	AGMB6	G12MB17	G2MB14	G12MB7	G2MB6	URGMB11	G2MB12	URGMB13	URGMB12	G2MB9	G2MB11	G12MB14	URGMB2	G2MB3	URGMB5	G12MB3	G2MB13	G12MB11	G2MB10	G12MB4	URGMB4	URGMB6	G12MB1	G2MB15	URGMB14	AGMB2	AGMB7	URGMB3	FRCMB4	AGMB1	FRCMB1	AGMB5	G12MB5	G12MB16	G2MB4	G2MB8	G2MB2	URGMB8	URGMB7	G12MB9	URGMB9	AGMB3	G12MB6	G12MB8	FRCMB2	URGMB10	FRCMB3	AGMB4	URGMB1	FRCMB5	G2MB1
k__Archaea;p__Euryarchaeota;c__Methanobacteria;o__Methanobacteriales;f__Methanobacteriaceae;g__	12.0	5.0	24.0	48.0	8.0	10.0	0.0	2.0	1.0	12.0	5.0	6.0	3.0	17.0	4.0	12.0	7.0	16.0	4.0	8.0	3.0	36.0	4.0	9.0	5.0	12.0	13.0	0.0	1.0	4.0	3.0	8.0	0.0	8.0	0.0	2.0	11.0	0.0	0.0	20.0	22.0	3.0	3.0	2.0	5.0	19.0	9.0	3.0	0.0	0.0	0.0	9.0	0.0	13.0	8.0
k__Archaea;p__Euryarchaeota;c__Methanobacteria;o__Methanobacteriales;f__Methanobacteriaceae;g__Methanobrevibacter	309.0	121.0	845.0	1913.0	406.0	157.0	104.0	308.0	66.0	696.0	88.0	155.0	97.0	578.0	93.0	333.0	159.0	435.0	226.0	252.0	77.0	601.0	166.0	157.0	493.0	429.0	478.0	10.0	31.0	161.0	145.0	340.0	0.0	467.0	0.0	227.0	342.0	17.0	41.0	359.0	328.0	161.0	419.0	56.0	158.0	717.0	483.0	35.0	0.0	10.0	0.0	186.0	84.0	784.0	102.0
k__Archaea;p__Euryarchaeota;c__Methanobacteria;o__Methanobacteriales;f__Methanobacteriaceae;g__Methanosphaera	609.0	336.0	1266.0	2055.0	177.0	445.0	197.0	269.0	126.0	688.0	415.0	387.0	158.0	812.0	544.0	320.0	330.0	747.0	313.0	602.0	532.0	655.0	173.0	536.0	416.0	756.0	765.0	40.0	165.0	406.0	135.0	334.0	0.0	385.0	0.0	183.0	399.0	8.0	148.0	526.0	778.0	115.0	463.0	51.0	330.0	939.0	390.0	192.0	0.0	31.0	0.0	162.0	259.0	550.0	947.0
k__Bacteria;p__Acidobacteria;c__Acidobacteria-6;o__iii1-15;f__;g__	0.0	0.0	1.0	0.0	0.0	1.0	1.0	0.0	0.0	0.0	0.0	0.0	0.0	1.0	0.0	0.0	0.0	0.0	0.0	0.0	0.0	1.0	1.0	0.0	0.0	2.0	0.0	0.0	0.0	0.0	0.0	0.0	0.0	0.0	0.0	0.0	0.0	0.0	0.0	0.0	0.0	0.0	0.0	0.0	0.0	0.0	0.0	0.0	0.0	0.0	0.0	0.0	0.0	0.0	0.0
k__Bacteria;p__Actinobacteria;c__Actinobacteria;o__Actinomycetales;f__Geodermatophilaceae;g__Geodermatophilus	0.0	0.0	0.0	0.0	0.0	0.0	1.0	0.0	0.0	0.0	0.0	0.0	0.0	0.0	1.0	0.0	0.0	0.0	2.0	0.0	1.0	0.0	0.0	0.0	0.0	2.0	0.0	0.0	0.0	0.0	0.0	0.0	0.0	0.0	0.0	0.0	0.0	0.0	0.0	0.0	0.0	0.0	1.0	0.0	0.0	0.0	0.0	0.0	0.0	0.0	0.0	0.0	0.0	0.0	0.0
k__Bacteria;p__Actinobacteria;c__Actinobacteria;o__Actinomycetales;f__Microbacteriaceae;g__Curtobacterium	0.0	0.0	0.0	0.0	0.0	0.0	0.0	0.0	0.0	0.0	0.0	0.0	0.0	0.0	0.0	0.0	0.0	0.0	0.0	0.0	0.0	0.0	0.0	0.0	0.0	0.0	0.0	0.0	0.0	0.0	0.0	0.0	0.0	1.0	0.0	1.0	0.0	3.0	0.0	0.0	1.0	0.0	0.0	0.0	0.0	0.0	0.0	0.0	0.0	0.0	0.0	0.0	0.0	0.0	0.0
k__Bacteria;p__Actinobacteria;c__Actinobacteria;o__Actinomycetales;f__Micrococcaceae;g__Arthrobacter	0.0	0.0	1.0	1.0	0.0	0.0	3.0	0.0	0.0	0.0	0.0	0.0	0.0	1.0	7.0	0.0	0.0	0.0	1.0	0.0	5.0	0.0	1.0	0.0	0.0	1.0	0.0	0.0	0.0	0.0	0.0	0.0	0.0	0.0	0.0	0.0	0.0	0.0	0.0	0.0	0.0	0.0	0.0	0.0	0.0	0.0	0.0	0.0	0.0	0.0	0.0	0.0	0.0	0.0	0.0
k__Bacteria;p__Actinobacteria;c__Actinobacteria;o__Actinomycetales;f__Micromonosporaceae;g__	0.0	0.0	1.0	0.0	0.0	0.0	2.0	0.0	0.0	0.0	0.0	0.0	0.0	0.0	0.0	1.0	0.0	0.0	0.0	0.0	1.0	0.0	0.0	0.0	0.0	0.0	0.0	0.0	0.0	0.0	0.0	0.0	0.0	0.0	0.0	0.0	0.0	0.0	0.0	1.0	0.0	0.0	0.0	0.0	0.0	0.0	0.0	0.0	0.0	1.0	0.0	0.0	0.0	0.0	0.0
k__Bacteria;p__Actinobacteria;c__Actinobacteria;o__Actinomycetales;f__Nocardioidaceae;g__	0.0	1.0	4.0	0.0	0.0	0.0	2.0	0.0	0.0	1.0	0.0	0.0	0.0	0.0	0.0	0.0	0.0	0.0	0.0	0.0	3.0	0.0	2.0	0.0	1.0	0.0	0.0	1.0	0.0	0.0	0.0	0.0	0.0	0.0	0.0	0.0	0.0	0.0	0.0	2.0	0.0	0.0	0.0	0.0	0.0	0.0	0.0	0.0	0.0	0.0	1.0	0.0	0.0	0.0	0.0
k__Bacteria;p__Actinobacteria;c__Actinobacteria;o__Actinomycetales;f__Pseudonocardiaceae;g__Pseudonocardia	0.0	0.0	1.0	0.0	0.0	0.0	0.0	0.0	0.0	0.0	0.0	0.0	0.0	1.0	0.0	0.0	0.0	0.0	1.0	0.0	1.0	0.0	0.0	0.0	0.0	0.0	0.0	0.0	1.0	0.0	0.0	0.0	0.0	0.0	0.0	0.0	0.0	0.0	1.0	0.0	0.0	0.0	0.0	0.0	0.0	0.0	0.0	0.0	0.0	0.0	0.0	0.0	0.0	0.0	0.0
k__Bacteria;p__Actinobacteria;c__Actinobacteria;o__Bifidobacteriales;f__Bifidobacteriaceae;g__Bifidobacterium	0.0	0.0	0.0	0.0	0.0	0.0	0.0	0.0	0.0	0.0	0.0	0.0	0.0	0.0	0.0	0.0	0.0	0.0	0.0	0.0	0.0	0.0	0.0	0.0	0.0	0.0	0.0	0.0	0.0	0.0	0.0	2.0	0.0	0.0	10.0	0.0	0.0	0.0	0.0	0.0	0.0	0.0	1.0	0.0	0.0	0.0	0.0	0.0	9468.0	0.0	0.0	0.0	0.0	0.0	0.0
k__Bacteria;p__Actinobacteria;c__Coriobacteriia;o__Coriobacteriales;f__Coriobacteriaceae;g__	243.0	181.0	617.0	340.0	39.0	187.0	231.0	304.0	79.0	340.0	328.0	179.0	86.0	147.0	165.0	235.0	118.0	279.0	163.0	179.0	170.0	242.0	114.0	98.0	216.0	224.0	296.0	89.0	101.0	204.0	109.0	155.0	103.0	74.0	126.0	103.0	318.0	197.0	92.0	192.0	142.0	129.0	213.0	47.0	120.0	232.0	231.0	22.0	3.0	1746.0	1225.0	233.0	129.0	222.0	256.0
k__Bacteria;p__Actinobacteria;c__Coriobacteriia;o__Coriobacteriales;f__Coriobacteriaceae;g__Adlercreutzia	3.0	0.0	5.0	7.0	0.0	5.0	1.0	2.0	0.0	7.0	4.0	8.0	3.0	3.0	4.0	0.0	3.0	2.0	10.0	3.0	7.0	6.0	4.0	2.0	4.0	4.0	1.0	0.0	1.0	6.0	0.0	1.0	2.0	3.0	2.0	1.0	2.0	1.0	0.0	0.0	1.0	3.0	1.0	0.0	2.0	2.0	3.0	1.0	0.0	0.0	0.0	3.0	7.0	2.0	9.0
k__Bacteria;p__Actinobacteria;c__Coriobacteriia;o__Coriobacteriales;f__Coriobacteriaceae;g__Atopobium	5.0	7.0	7.0	8.0	2.0	7.0	5.0	18.0	2.0	17.0	2.0	12.0	0.0	4.0	1.0	5.0	0.0	1.0	4.0	7.0	3.0	4.0	5.0	1.0	9.0	14.0	2.0	0.0	3.0	4.0	3.0	2.0	0.0	1.0	0.0	4.0	8.0	1.0	8.0	8.0	1.0	5.0	2.0	3.0	9.0	6.0	3.0	1.0	0.0	78.0	40.0	4.0	5.0	11.0	20.0
k__Bacteria;p__Actinobacteria;c__Coriobacteriia;o__Coriobacteriales;f__Coriobacteriaceae;g__Collinsella	29.0	10.0	32.0	45.0	12.0	35.0	72.0	9.0	15.0	28.0	58.0	29.0	5.0	43.0	62.0	9.0	14.0	26.0	29.0	19.0	55.0	18.0	24.0	35.0	16.0	26.0	21.0	22.0	16.0	56.0	38.0	7.0	0.0	13.0	6.0	24.0	11.0	7.0	12.0	25.0	12.0	10.0	25.0	3.0	24.0	19.0	11.0	5.0	27.0	21.0	85.0	48.0	21.0	12.0	70.0
k__Bacteria;p__Actinobacteria;c__Thermoleophilia;o__Gaiellales;f__Gaiellaceae;g__	0.0	0.0	3.0	0.0	0.0	1.0	3.0	0.0	0.0	0.0	0.0	1.0	0.0	0.0	0.0	1.0	0.0	0.0	0.0	0.0	0.0	0.0	1.0	0.0	0.0	0.0	0.0	0.0	0.0	0.0	0.0	0.0	0.0	0.0	0.0	0.0	0.0	0.0	0.0	0.0	0.0	0.0	0.0	0.0	0.0	0.0	0.0	0.0	0.0	0.0	0.0	0.0	0.0	0.0	0.0
k__Bacteria;p__Actinobacteria;c__Thermoleophilia;o__Solirubrobacterales;f__;g__	0.0	0.0	9.0	0.0	0.0	0.0	3.0	1.0	0.0	0.0	0.0	0.0	1.0	3.0	0.0	0.0	0.0	0.0	1.0	0.0	3.0	0.0	4.0	0.0	0.0	1.0	0.0	0.0	0.0	0.0	0.0	0.0	0.0	0.0	0.0	0.0	1.0	0.0	0.0	0.0	0.0	1.0	0.0	0.0	0.0	0.0	1.0	0.0	0.0	1.0	0.0	0.0	0.0	0.0	0.0
k__Bacteria;p__Actinobacteria;c__Thermoleophilia;o__Solirubrobacterales;f__Patulibacteraceae;g__	0.0	0.0	4.0	0.0	0.0	2.0	1.0	0.0	0.0	0.0	0.0	0.0	0.0	2.0	0.0	1.0	0.0	0.0	1.0	0.0	2.0	0.0	1.0	0.0	0.0	0.0	0.0	0.0	1.0	0.0	0.0	1.0	0.0	0.0	0.0	0.0	1.0	0.0	0.0	0.0	0.0	0.0	0.0	0.0	0.0	0.0	0.0	0.0	0.0	0.0	0.0	0.0	0.0	0.0	0.0
k__Bacteria;p__Actinobacteria;c__Thermoleophilia;o__Solirubrobacterales;f__Solirubrobacteraceae;g__	0.0	0.0	11.0	0.0	0.0	0.0	12.0	1.0	1.0	0.0	0.0	1.0	0.0	4.0	0.0	2.0	0.0	0.0	0.0	0.0	9.0	0.0	5.0	0.0	0.0	3.0	0.0	0.0	0.0	1.0	0.0	0.0	0.0	0.0	0.0	0.0	1.0	0.0	0.0	0.0	0.0	1.0	0.0	0.0	0.0	0.0	0.0	0.0	0.0	2.0	0.0	0.0	0.0	0.0	0.0
k__Bacteria;p__Actinobacteria;c__Thermoleophilia;o__Solirubrobacterales;f__Solirubrobacteraceae;g__Solirubrobacter	0.0	0.0	17.0	0.0	0.0	2.0	17.0	0.0	0.0	1.0	0.0	0.0	0.0	3.0	1.0	1.0	0.0	0.0	1.0	0.0	12.0	0.0	4.0	0.0	0.0	2.0	0.0	0.0	0.0	0.0	0.0	1.0	0.0	0.0	0.0	0.0	1.0	0.0	0.0	4.0	0.0	0.0	0.0	0.0	1.0	0.0	0.0	0.0	0.0	0.0	0.0	0.0	0.0	0.0	0.0
k__Bacteria;p__Bacteroidetes;c__Bacteroidia;o__Bacteroidales;f__;g__	4.0	136.0	69.0	22.0	133.0	63.0	11.0	142.0	147.0	460.0	46.0	69.0	570.0	3147.0	88.0	1.0	33.0	516.0	473.0	3.0	163.0	8.0	391.0	13.0	22.0	458.0	27.0	57.0	99.0	1.0	198.0	34.0	0.0	4.0	162.0	998.0	932.0	14.0	56.0	2812.0	6.0	19.0	319.0	133.0	23.0	64.0	759.0	111.0	0.0	1.0	5886.0	27.0	29.0	9.0	6.0
k__Bacteria;p__Bacteroidetes;c__Bacteroidia;o__Bacteroidales;f__BS11;g__	0.0	1.0	1.0	0.0	0.0	1.0	0.0	0.0	0.0	0.0	0.0	0.0	1.0	0.0	0.0	0.0	0.0	0.0	0.0	0.0	0.0	1.0	1.0	0.0	0.0	0.0	0.0	1.0	0.0	0.0	0.0	0.0	0.0	0.0	0.0	0.0	0.0	0.0	0.0	0.0	0.0	0.0	0.0	0.0	0.0	0.0	0.0	0.0	1.0	0.0	0.0	0.0	0.0	0.0	0.0
k__Bacteria;p__Bacteroidetes;c__Bacteroidia;o__Bacteroidales;f__Bacteroidaceae;g__Bacteroides	2.0	0.0	0.0	0.0	0.0	0.0	0.0	0.0	0.0	0.0	0.0	1.0	0.0	0.0	0.0	0.0	1.0	0.0	0.0	1.0	0.0	0.0	0.0	0.0	1.0	0.0	0.0	0.0	0.0	0.0	0.0	1.0	345.0	0.0	682.0	0.0	0.0	0.0	1.0	0.0	0.0	0.0	0.0	0.0	0.0	0.0	0.0	0.0	381.0	0.0	3619.0	0.0	0.0	0.0	1.0
k__Bacteria;p__Bacteroidetes;c__Bacteroidia;o__Bacteroidales;f__Porphyromonadaceae;g__Tannerella	22.0	43.0	64.0	27.0	56.0	19.0	22.0	15.0	28.0	41.0	42.0	10.0	21.0	23.0	28.0	42.0	27.0	54.0	23.0	50.0	30.0	20.0	9.0	10.0	29.0	29.0	11.0	13.0	15.0	70.0	78.0	20.0	0.0	9.0	0.0	74.0	32.0	35.0	55.0	74.0	15.0	20.0	34.0	56.0	25.0	116.0	17.0	47.0	0.0	32.0	384.0	83.0	17.0	76.0	19.0
k__Bacteria;p__Bacteroidetes;c__Bacteroidia;o__Bacteroidales;f__Prevotellaceae;g__Prevotella	4.0	9.0	7.0	0.0	6.0	3.0	10.0	1.0	16.0	33.0	2.0	9.0	6.0	12.0	1.0	2.0	3.0	4.0	8.0	14.0	1.0	2.0	6.0	0.0	16.0	17.0	9.0	7.0	7.0	5.0	17.0	14.0	6.0	8.0	40.0	10.0	6.0	1.0	3.0	19.0	3.0	0.0	7.0	24.0	1.0	1.0	1.0	13.0	0.0	92.0	35.0	3.0	1.0	2.0	3.0
k__Bacteria;p__Bacteroidetes;c__Bacteroidia;o__Bacteroidales;f__Rikenellaceae;g__	0.0	1.0	0.0	0.0	2.0	0.0	0.0	0.0	0.0	1.0	0.0	1.0	0.0	0.0	0.0	0.0	0.0	0.0	0.0	0.0	0.0	0.0	0.0	0.0	0.0	0.0	0.0	0.0	0.0	1.0	3.0	0.0	2.0	0.0	6.0	1.0	0.0	0.0	0.0	0.0	0.0	0.0	0.0	0.0	0.0	1.0	0.0	0.0	0.0	1.0	0.0	0.0	0.0	0.0	0.0
k__Bacteria;p__Bacteroidetes;c__Bacteroidia;o__Bacteroidales;f__Rikenellaceae;g__Alistipes	0.0	0.0	0.0	0.0	0.0	0.0	0.0	0.0	0.0	0.0	0.0	0.0	0.0	0.0	0.0	0.0	0.0	0.0	0.0	0.0	0.0	0.0	0.0	0.0	0.0	0.0	0.0	0.0	0.0	0.0	0.0	0.0	4.0	0.0	3.0	0.0	0.0	0.0	0.0	0.0	0.0	0.0	0.0	0.0	0.0	0.0	0.0	0.0	0.0	0.0	1.0	0.0	0.0	0.0	0.0
k__Bacteria;p__Bacteroidetes;c__Bacteroidia;o__Bacteroidales;f__S24-7;g__	0.0	301.0	0.0	15.0	1.0	68.0	11.0	0.0	584.0	178.0	86.0	184.0	558.0	10.0	100.0	279.0	174.0	109.0	667.0	2.0	112.0	92.0	178.0	21.0	309.0	113.0	0.0	425.0	171.0	66.0	0.0	446.0	4.0	0.0	8.0	0.0	787.0	15.0	74.0	1.0	34.0	173.0	895.0	90.0	189.0	0.0	431.0	15.0	0.0	30.0	0.0	0.0	221.0	25.0	204.0
k__Bacteria;p__Bacteroidetes;c__Flavobacteriia;o__Flavobacteriales;f__[Weeksellaceae];g__Cloacibacterium	1.0	0.0	1.0	2.0	0.0	0.0	0.0	0.0	0.0	0.0	0.0	0.0	0.0	0.0	1.0	0.0	0.0	0.0	0.0	0.0	1.0	0.0	1.0	0.0	0.0	0.0	0.0	1.0	0.0	0.0	0.0	0.0	0.0	0.0	0.0	0.0	0.0	0.0	1.0	1.0	1.0	0.0	1.0	0.0	0.0	0.0	0.0	1.0	0.0	0.0	2.0	1.0	0.0	0.0	1.0
k__Bacteria;p__Chloroflexi;c__Ellin6529;o__;f__;g__	0.0	0.0	3.0	0.0	0.0	0.0	7.0	0.0	0.0	0.0	0.0	0.0	0.0	1.0	0.0	0.0	0.0	0.0	0.0	0.0	1.0	0.0	4.0	0.0	0.0	1.0	0.0	0.0	0.0	0.0	0.0	0.0	0.0	0.0	0.0	0.0	0.0	0.0	0.0	0.0	0.0	0.0	1.0	0.0	0.0	0.0	0.0	0.0	0.0	0.0	0.0	0.0	0.0	0.0	0.0
k__Bacteria;p__Cyanobacteria;c__4C0d-2;o__YS2;f__;g__	14.0	5.0	1.0	4.0	11.0	8.0	30.0	3.0	28.0	10.0	7.0	6.0	26.0	6.0	54.0	6.0	41.0	27.0	20.0	7.0	95.0	3.0	64.0	6.0	26.0	15.0	3.0	73.0	21.0	30.0	12.0	18.0	9.0	2.0	13.0	17.0	6.0	7.0	16.0	92.0	15.0	24.0	36.0	67.0	6.0	11.0	4.0	45.0	204.0	2.0	0.0	1.0	15.0	63.0	7.0
k__Bacteria;p__Elusimicrobia;c__Elusimicrobia;o__Elusimicrobiales;f__Elusimicrobiaceae;g__	0.0	3.0	0.0	0.0	0.0	0.0	0.0	0.0	0.0	0.0	0.0	0.0	0.0	0.0	0.0	4.0	2.0	0.0	0.0	1.0	0.0	1.0	0.0	0.0	0.0	0.0	0.0	0.0	1.0	1.0	0.0	0.0	0.0	0.0	6.0	0.0	2.0	0.0	0.0	0.0	0.0	0.0	1.0	0.0	0.0	0.0	4.0	1.0	2.0	0.0	0.0	1.0	1.0	0.0	0.0
k__Bacteria;p__Firmicutes;c__Bacilli;o__Bacillales;f__Bacillaceae;g__	0.0	0.0	2.0	0.0	0.0	0.0	0.0	0.0	0.0	0.0	0.0	0.0	0.0	11.0	65.0	0.0	0.0	0.0	0.0	0.0	1.0	0.0	0.0	0.0	0.0	0.0	0.0	1.0	0.0	1.0	0.0	0.0	0.0	0.0	0.0	0.0	0.0	0.0	0.0	0.0	0.0	0.0	0.0	0.0	0.0	0.0	0.0	0.0	0.0	0.0	0.0	0.0	0.0	0.0	0.0
k__Bacteria;p__Firmicutes;c__Bacilli;o__Bacillales;f__Bacillaceae;g__Bacillus	0.0	0.0	3.0	0.0	0.0	0.0	13.0	0.0	1.0	1.0	0.0	3.0	0.0	2.0	0.0	0.0	0.0	0.0	0.0	0.0	7.0	0.0	2.0	0.0	1.0	4.0	0.0	0.0	0.0	1.0	0.0	0.0	0.0	0.0	0.0	0.0	0.0	0.0	0.0	2.0	0.0	0.0	0.0	0.0	0.0	0.0	0.0	0.0	0.0	0.0	0.0	0.0	0.0	0.0	0.0
k__Bacteria;p__Firmicutes;c__Bacilli;o__Bacillales;f__Planococcaceae;g__Kurthia	0.0	0.0	0.0	0.0	0.0	0.0	0.0	0.0	0.0	0.0	0.0	0.0	0.0	2.0	31.0	0.0	0.0	0.0	0.0	0.0	0.0	0.0	0.0	0.0	0.0	0.0	0.0	0.0	0.0	3.0	0.0	0.0	0.0	0.0	0.0	0.0	0.0	0.0	0.0	0.0	0.0	0.0	0.0	0.0	0.0	1.0	0.0	0.0	0.0	0.0	0.0	0.0	0.0	1.0	0.0
k__Bacteria;p__Firmicutes;c__Bacilli;o__Bacillales;f__Planococcaceae;g__Solibacillus	0.0	0.0	0.0	0.0	0.0	0.0	1.0	0.0	0.0	0.0	0.0	0.0	0.0	33.0	0.0	0.0	0.0	2.0	0.0	0.0	1.0	0.0	0.0	0.0	0.0	0.0	0.0	2.0	0.0	10.0	0.0	0.0	0.0	0.0	0.0	0.0	0.0	0.0	0.0	0.0	0.0	0.0	0.0	0.0	0.0	7.0	0.0	0.0	0.0	0.0	0.0	0.0	0.0	0.0	0.0
k__Bacteria;p__Firmicutes;c__Bacilli;o__Bacillales;f__Planococcaceae;g__Viridibacillus	0.0	0.0	0.0	0.0	0.0	0.0	1.0	0.0	0.0	0.0	0.0	0.0	0.0	1.0	3.0	0.0	0.0	0.0	0.0	0.0	4.0	0.0	0.0	0.0	0.0	0.0	0.0	13.0	0.0	0.0	0.0	0.0	0.0	0.0	0.0	0.0	0.0	0.0	0.0	0.0	0.0	0.0	0.0	0.0	0.0	0.0	0.0	0.0	0.0	0.0	0.0	0.0	0.0	0.0	0.0
k__Bacteria;p__Firmicutes;c__Bacilli;o__Bacillales;f__Staphylococcaceae;g__Staphylococcus	0.0	0.0	0.0	0.0	0.0	0.0	0.0	0.0	2.0	0.0	0.0	0.0	0.0	0.0	0.0	0.0	0.0	0.0	0.0	0.0	0.0	0.0	0.0	1.0	0.0	1.0	0.0	0.0	0.0	0.0	0.0	0.0	0.0	0.0	0.0	0.0	0.0	0.0	0.0	0.0	0.0	0.0	0.0	0.0	0.0	1.0	0.0	0.0	0.0	0.0	0.0	0.0	0.0	6.0	0.0
k__Bacteria;p__Firmicutes;c__Bacilli;o__Gemellales;f__Gemellaceae;g__	0.0	0.0	0.0	0.0	0.0	0.0	0.0	1.0	0.0	0.0	0.0	0.0	0.0	0.0	0.0	0.0	0.0	0.0	0.0	0.0	1.0	0.0	0.0	1.0	0.0	1.0	1.0	0.0	0.0	0.0	1.0	0.0	0.0	0.0	1.0	0.0	0.0	0.0	0.0	0.0	0.0	0.0	0.0	0.0	0.0	0.0	0.0	0.0	1.0	0.0	8.0	1.0	0.0	0.0	0.0
k__Bacteria;p__Firmicutes;c__Bacilli;o__Lactobacillales;f__Enterococcaceae;g__Enterococcus	2.0	0.0	0.0	0.0	0.0	0.0	1.0	0.0	0.0	0.0	0.0	0.0	0.0	7.0	1.0	0.0	0.0	0.0	0.0	0.0	0.0	0.0	0.0	0.0	0.0	0.0	0.0	1.0	1.0	2.0	0.0	0.0	1.0	0.0	0.0	0.0	0.0	0.0	0.0	0.0	0.0	0.0	0.0	0.0	0.0	0.0	0.0	0.0	12.0	0.0	39.0	0.0	0.0	1.0	0.0
k__Bacteria;p__Firmicutes;c__Bacilli;o__Lactobacillales;f__Lactobacillaceae;g__Lactobacillus	0.0	0.0	2.0	1.0	0.0	0.0	10.0	0.0	0.0	0.0	0.0	0.0	0.0	0.0	10.0	3.0	0.0	4.0	0.0	0.0	1.0	0.0	2.0	2.0	0.0	0.0	2.0	7.0	0.0	1.0	0.0	0.0	0.0	0.0	0.0	0.0	1.0	0.0	0.0	1.0	0.0	0.0	2.0	0.0	0.0	1.0	1.0	0.0	282.0	36.0	0.0	0.0	1.0	0.0	5.0
k__Bacteria;p__Firmicutes;c__Bacilli;o__Lactobacillales;f__Leuconostocaceae;g__	0.0	4.0	0.0	8.0	1.0	0.0	0.0	1.0	0.0	0.0	0.0	0.0	0.0	0.0	0.0	2.0	0.0	0.0	0.0	2.0	0.0	0.0	0.0	3.0	0.0	0.0	20.0	0.0	0.0	9.0	2.0	0.0	4.0	4.0	4.0	1.0	5.0	1.0	0.0	0.0	0.0	0.0	0.0	3.0	0.0	11.0	9.0	4.0	2.0	0.0	1.0	5.0	0.0	3.0	0.0
k__Bacteria;p__Firmicutes;c__Bacilli;o__Lactobacillales;f__Leuconostocaceae;g__Leuconostoc	0.0	2.0	0.0	5.0	3.0	0.0	0.0	2.0	0.0	0.0	0.0	0.0	0.0	0.0	0.0	2.0	0.0	0.0	0.0	2.0	0.0	0.0	0.0	2.0	0.0	0.0	10.0	0.0	0.0	1.0	3.0	0.0	3.0	2.0	4.0	0.0	11.0	4.0	0.0	0.0	0.0	0.0	0.0	0.0	0.0	2.0	3.0	1.0	8.0	0.0	2.0	5.0	0.0	0.0	0.0
k__Bacteria;p__Firmicutes;c__Bacilli;o__Lactobacillales;f__Streptococcaceae;g__Lactococcus	0.0	5.0	0.0	6.0	4.0	0.0	0.0	3.0	0.0	0.0	0.0	0.0	0.0	40.0	9.0	2.0	0.0	0.0	1.0	0.0	1.0	0.0	0.0	6.0	0.0	0.0	25.0	1.0	0.0	12.0	5.0	0.0	1.0	2.0	5.0	0.0	11.0	6.0	0.0	0.0	0.0	0.0	0.0	2.0	0.0	193.0	6.0	5.0	30.0	0.0	0.0	12.0	0.0	3.0	0.0
k__Bacteria;p__Firmicutes;c__Bacilli;o__Lactobacillales;f__Streptococcaceae;g__Streptococcus	68.0	60.0	169.0	45.0	0.0	14.0	619.0	1.0	10.0	4.0	26.0	2.0	5.0	51.0	582.0	97.0	6.0	51.0	8.0	4.0	59.0	18.0	54.0	64.0	5.0	7.0	141.0	436.0	4.0	90.0	5.0	4.0	4.0	31.0	5.0	0.0	20.0	16.0	11.0	25.0	15.0	2.0	64.0	2.0	9.0	33.0	14.0	5.0	14708.0	2813.0	29.0	6.0	25.0	17.0	151.0
k__Bacteria;p__Firmicutes;c__Clostridia;o__Clostridiales;f__;g__	13248.0	10244.0	11868.0	11044.0	7474.0	6812.0	8426.0	14988.0	7077.0	8041.0	14167.0	8987.0	5767.0	9128.0	11370.0	6471.0	8917.0	13476.0	7273.0	10689.0	10651.0	11740.0	11522.0	9558.0	7869.0	9758.0	10658.0	7515.0	6105.0	10637.0	8632.0	7424.0	23869.0	10615.0	15858.0	7824.0	14373.0	3874.0	12507.0	11534.0	7674.0	10008.0	5728.0	5076.0	7982.0	11333.0	14241.0	3239.0	360.0	2155.0	4757.0	6037.0	8059.0	2598.0	12389.0
k__Bacteria;p__Firmicutes;c__Clostridia;o__Clostridiales;f__Christensenellaceae;g__	2.0	5.0	1.0	0.0	8.0	0.0	1.0	2.0	6.0	1.0	0.0	0.0	1.0	2.0	4.0	0.0	4.0	1.0	2.0	0.0	2.0	5.0	2.0	4.0	2.0	3.0	0.0	0.0	2.0	3.0	9.0	0.0	0.0	0.0	1.0	3.0	0.0	0.0	5.0	3.0	1.0	1.0	2.0	1.0	0.0	6.0	1.0	0.0	0.0	2.0	0.0	2.0	0.0	0.0	2.0
k__Bacteria;p__Firmicutes;c__Clostridia;o__Clostridiales;f__Clostridiaceae;g__	91.0	84.0	240.0	135.0	123.0	87.0	43.0	23.0	39.0	55.0	168.0	41.0	72.0	168.0	88.0	62.0	101.0	69.0	90.0	26.0	100.0	153.0	65.0	20.0	86.0	47.0	21.0	25.0	31.0	162.0	242.0	87.0	0.0	233.0	8.0	170.0	104.0	31.0	112.0	178.0	20.0	76.0	44.0	20.0	47.0	342.0	101.0	21.0	20.0	52.0	2.0	273.0	48.0	151.0	73.0
k__Bacteria;p__Firmicutes;c__Clostridia;o__Clostridiales;f__Clostridiaceae;g__Clostridium	2018.0	397.0	347.0	724.0	515.0	752.0	498.0	1149.0	634.0	2112.0	746.0	1433.0	1453.0	1444.0	653.0	755.0	1007.0	1020.0	2153.0	1336.0	743.0	387.0	1804.0	972.0	1369.0	2525.0	664.0	389.0	1386.0	407.0	572.0	1379.0	8.0	336.0	133.0	399.0	601.0	305.0	229.0	1331.0	1282.0	1158.0	1043.0	303.0	872.0	787.0	510.0	240.0	36.0	762.0	5.0	391.0	726.0	505.0	1144.0
k__Bacteria;p__Firmicutes;c__Clostridia;o__Clostridiales;f__Clostridiaceae;g__SMB53	0.0	0.0	0.0	0.0	0.0	0.0	0.0	0.0	1.0	0.0	0.0	0.0	0.0	0.0	0.0	0.0	0.0	0.0	0.0	0.0	0.0	0.0	0.0	0.0	0.0	0.0	0.0	0.0	0.0	0.0	0.0	0.0	0.0	0.0	0.0	0.0	0.0	0.0	0.0	0.0	0.0	0.0	0.0	0.0	0.0	0.0	0.0	0.0	0.0	0.0	0.0	0.0	0.0	0.0	0.0
k__Bacteria;p__Firmicutes;c__Clostridia;o__Clostridiales;f__Clostridiaceae;g__Sarcina	0.0	1.0	0.0	40.0	0.0	5.0	2.0	0.0	0.0	0.0	0.0	0.0	0.0	2.0	0.0	0.0	0.0	0.0	1.0	2.0	0.0	0.0	0.0	0.0	0.0	0.0	4.0	2.0	0.0	0.0	0.0	0.0	29.0	0.0	146.0	0.0	1.0	0.0	0.0	0.0	5.0	1.0	0.0	0.0	3.0	0.0	0.0	0.0	88.0	0.0	0.0	0.0	2.0	3202.0	3.0
k__Bacteria;p__Firmicutes;c__Clostridia;o__Clostridiales;f__Dehalobacteriaceae;g__	0.0	0.0	0.0	0.0	0.0	0.0	0.0	0.0	0.0	0.0	0.0	0.0	0.0	0.0	0.0	0.0	0.0	0.0	0.0	0.0	0.0	0.0	0.0	0.0	0.0	1.0	0.0	0.0	0.0	0.0	0.0	0.0	0.0	0.0	0.0	0.0	0.0	0.0	0.0	0.0	0.0	0.0	0.0	0.0	0.0	0.0	0.0	0.0	0.0	0.0	0.0	0.0	0.0	0.0	1.0
k__Bacteria;p__Firmicutes;c__Clostridia;o__Clostridiales;f__Dehalobacteriaceae;g__Dehalobacterium	0.0	0.0	0.0	0.0	0.0	0.0	0.0	0.0	0.0	0.0	0.0	0.0	0.0	0.0	0.0	0.0	0.0	0.0	0.0	0.0	0.0	0.0	0.0	0.0	0.0	1.0	0.0	0.0	0.0	0.0	0.0	0.0	0.0	0.0	0.0	0.0	0.0	0.0	0.0	0.0	0.0	0.0	0.0	0.0	0.0	0.0	0.0	0.0	0.0	0.0	0.0	0.0	0.0	0.0	0.0
k__Bacteria;p__Firmicutes;c__Clostridia;o__Clostridiales;f__Eubacteriaceae;g__Pseudoramibacter_Eubacterium	0.0	0.0	0.0	0.0	0.0	0.0	0.0	0.0	0.0	0.0	0.0	0.0	0.0	0.0	0.0	0.0	0.0	0.0	0.0	0.0	0.0	0.0	0.0	0.0	0.0	1.0	0.0	0.0	0.0	0.0	0.0	0.0	0.0	0.0	0.0	0.0	0.0	0.0	0.0	0.0	0.0	0.0	0.0	0.0	0.0	0.0	0.0	0.0	0.0	0.0	0.0	0.0	0.0	0.0	0.0
k__Bacteria;p__Firmicutes;c__Clostridia;o__Clostridiales;f__Lachnospiraceae;g__	2233.0	1577.0	602.0	781.0	1082.0	939.0	921.0	3790.0	1099.0	2561.0	1468.0	1131.0	889.0	1439.0	1243.0	459.0	1216.0	1779.0	1032.0	1224.0	1910.0	1532.0	1182.0	703.0	996.0	2743.0	685.0	1056.0	770.0	1398.0	727.0	903.0	1636.0	725.0	1364.0	1523.0	2307.0	496.0	2260.0	2600.0	892.0	1289.0	895.0	2414.0	925.0	1455.0	1721.0	1071.0	3613.0	721.0	2617.0	876.0	1076.0	478.0	1317.0
k__Bacteria;p__Firmicutes;c__Clostridia;o__Clostridiales;f__Lachnospiraceae;g__Anaerostipes	305.0	23.0	1.0	5.0	24.0	262.0	342.0	69.0	69.0	37.0	608.0	73.0	66.0	65.0	17.0	38.0	51.0	1604.0	129.0	7.0	13.0	21.0	1.0	4.0	8.0	351.0	2.0	5.0	433.0	66.0	46.0	33.0	2.0	9.0	4.0	47.0	15.0	15.0	43.0	123.0	26.0	12.0	0.0	0.0	38.0	51.0	34.0	0.0	0.0	18.0	0.0	242.0	9.0	0.0	2.0
k__Bacteria;p__Firmicutes;c__Clostridia;o__Clostridiales;f__Lachnospiraceae;g__Blautia	1490.0	380.0	479.0	584.0	354.0	657.0	523.0	482.0	339.0	604.0	731.0	735.0	294.0	447.0	499.0	367.0	896.0	782.0	479.0	659.0	602.0	610.0	782.0	861.0	665.0	738.0	873.0	372.0	326.0	504.0	347.0	464.0	814.0	227.0	1148.0	462.0	480.0	257.0	300.0	712.0	742.0	546.0	541.0	352.0	456.0	549.0	347.0	209.0	4461.0	326.0	84.0	669.0	545.0	622.0	736.0
k__Bacteria;p__Firmicutes;c__Clostridia;o__Clostridiales;f__Lachnospiraceae;g__Butyrivibrio	22.0	12.0	25.0	22.0	2.0	7.0	9.0	12.0	3.0	27.0	14.0	16.0	10.0	50.0	32.0	8.0	24.0	20.0	11.0	7.0	74.0	24.0	24.0	15.0	13.0	16.0	5.0	6.0	11.0	20.0	6.0	15.0	0.0	2.0	0.0	9.0	29.0	7.0	10.0	37.0	5.0	9.0	22.0	9.0	10.0	13.0	25.0	7.0	1.0	4.0	0.0	28.0	11.0	6.0	23.0
k__Bacteria;p__Firmicutes;c__Clostridia;o__Clostridiales;f__Lachnospiraceae;g__Coprococcus	810.0	187.0	130.0	203.0	374.0	388.0	331.0	125.0	472.0	365.0	214.0	810.0	406.0	361.0	1427.0	1015.0	1095.0	437.0	513.0	494.0	1511.0	224.0	308.0	549.0	428.0	825.0	262.0	243.0	439.0	563.0	215.0	400.0	11.0	850.0	55.0	614.0	383.0	74.0	941.0	92.0	117.0	164.0	182.0	383.0	445.0	266.0	383.0	147.0	194.0	102.0	192.0	161.0	384.0	199.0	87.0
k__Bacteria;p__Firmicutes;c__Clostridia;o__Clostridiales;f__Lachnospiraceae;g__Dorea	11.0	11.0	10.0	22.0	8.0	14.0	5.0	13.0	10.0	14.0	12.0	4.0	2.0	8.0	6.0	9.0	8.0	19.0	9.0	8.0	13.0	4.0	4.0	4.0	7.0	6.0	15.0	4.0	9.0	8.0	5.0	6.0	100.0	11.0	192.0	8.0	11.0	10.0	22.0	13.0	13.0	5.0	8.0	9.0	7.0	15.0	9.0	4.0	7128.0	3.0	507.0	9.0	10.0	7.0	9.0
k__Bacteria;p__Firmicutes;c__Clostridia;o__Clostridiales;f__Lachnospiraceae;g__Lachnobacterium	2.0	0.0	0.0	0.0	0.0	0.0	0.0	2.0	0.0	1.0	1.0	0.0	1.0	0.0	0.0	0.0	3.0	0.0	1.0	0.0	1.0	0.0	1.0	0.0	0.0	2.0	0.0	1.0	0.0	0.0	0.0	1.0	0.0	0.0	0.0	0.0	0.0	0.0	1.0	1.0	1.0	0.0	1.0	1.0	1.0	2.0	0.0	0.0	0.0	0.0	0.0	2.0	0.0	0.0	0.0
k__Bacteria;p__Firmicutes;c__Clostridia;o__Clostridiales;f__Lachnospiraceae;g__Lachnospira	1.0	0.0	0.0	0.0	0.0	0.0	1.0	0.0	0.0	0.0	1.0	0.0	0.0	0.0	40.0	27.0	93.0	0.0	0.0	2.0	100.0	0.0	0.0	0.0	4.0	0.0	0.0	0.0	0.0	0.0	0.0	6.0	0.0	0.0	1.0	0.0	0.0	0.0	0.0	0.0	0.0	0.0	0.0	0.0	0.0	1.0	0.0	0.0	0.0	1.0	0.0	0.0	0.0	0.0	0.0
k__Bacteria;p__Firmicutes;c__Clostridia;o__Clostridiales;f__Lachnospiraceae;g__Marvinbryantia	1808.0	329.0	1002.0	524.0	407.0	685.0	504.0	778.0	375.0	520.0	934.0	881.0	248.0	622.0	686.0	391.0	1000.0	828.0	407.0	684.0	751.0	872.0	1135.0	970.0	735.0	861.0	1162.0	306.0	301.0	533.0	396.0	649.0	470.0	166.0	287.0	506.0	365.0	222.0	509.0	926.0	562.0	755.0	735.0	198.0	569.0	515.0	300.0	136.0	2.0	234.0	0.0	528.0	735.0	799.0	661.0
k__Bacteria;p__Firmicutes;c__Clostridia;o__Clostridiales;f__Lachnospiraceae;g__Pseudobutyrivibrio	0.0	0.0	0.0	0.0	0.0	0.0	0.0	0.0	0.0	0.0	0.0	0.0	0.0	0.0	0.0	0.0	0.0	0.0	0.0	1.0	0.0	0.0	0.0	0.0	0.0	0.0	1.0	0.0	1.0	0.0	0.0	0.0	0.0	0.0	0.0	0.0	1.0	0.0	0.0	0.0	0.0	0.0	0.0	0.0	0.0	0.0	1.0	0.0	0.0	0.0	0.0	0.0	0.0	0.0	1.0
k__Bacteria;p__Firmicutes;c__Clostridia;o__Clostridiales;f__Lachnospiraceae;g__Robinsoniella	2.0	2.0	0.0	0.0	0.0	0.0	0.0	0.0	0.0	0.0	0.0	0.0	0.0	0.0	0.0	1.0	0.0	2.0	0.0	0.0	0.0	4.0	1.0	0.0	0.0	2.0	0.0	0.0	0.0	0.0	0.0	0.0	0.0	0.0	0.0	0.0	0.0	0.0	0.0	0.0	0.0	0.0	0.0	0.0	0.0	0.0	0.0	0.0	0.0	0.0	1.0	0.0	0.0	0.0	0.0
k__Bacteria;p__Firmicutes;c__Clostridia;o__Clostridiales;f__Lachnospiraceae;g__Roseburia	13.0	10.0	2.0	9.0	42.0	19.0	37.0	2.0	34.0	8.0	9.0	32.0	13.0	25.0	39.0	4.0	7.0	28.0	12.0	50.0	75.0	5.0	54.0	8.0	33.0	41.0	1.0	99.0	35.0	6.0	11.0	29.0	4.0	9.0	8.0	29.0	25.0	8.0	199.0	437.0	17.0	21.0	26.0	51.0	35.0	76.0	15.0	40.0	49.0	268.0	293.0	44.0	21.0	17.0	15.0
k__Bacteria;p__Firmicutes;c__Clostridia;o__Clostridiales;f__Lachnospiraceae;g__[Ruminococcus]	117.0	63.0	70.0	143.0	73.0	89.0	51.0	65.0	33.0	86.0	111.0	58.0	19.0	59.0	42.0	37.0	42.0	141.0	27.0	71.0	88.0	70.0	70.0	68.0	49.0	130.0	230.0	21.0	19.0	105.0	40.0	34.0	25.0	60.0	7.0	60.0	59.0	41.0	29.0	64.0	81.0	32.0	21.0	37.0	22.0	72.0	68.0	31.0	7.0	1.0	21.0	85.0	25.0	8.0	65.0
k__Bacteria;p__Firmicutes;c__Clostridia;o__Clostridiales;f__Peptococcaceae;g__	0.0	0.0	0.0	0.0	0.0	0.0	0.0	0.0	0.0	0.0	0.0	0.0	0.0	0.0	0.0	0.0	0.0	0.0	0.0	0.0	0.0	0.0	0.0	0.0	0.0	0.0	0.0	0.0	0.0	1.0	0.0	0.0	0.0	0.0	0.0	0.0	0.0	0.0	0.0	0.0	0.0	0.0	0.0	0.0	1.0	0.0	0.0	0.0	0.0	0.0	0.0	0.0	0.0	0.0	0.0
k__Bacteria;p__Firmicutes;c__Clostridia;o__Clostridiales;f__Peptococcaceae;g__rc4-4	0.0	0.0	0.0	1.0	0.0	0.0	0.0	0.0	0.0	0.0	0.0	0.0	0.0	0.0	0.0	0.0	0.0	0.0	0.0	0.0	0.0	0.0	0.0	0.0	0.0	0.0	0.0	0.0	0.0	0.0	0.0	0.0	1.0	0.0	0.0	0.0	0.0	0.0	0.0	0.0	0.0	0.0	0.0	0.0	0.0	0.0	0.0	0.0	0.0	0.0	0.0	0.0	0.0	0.0	0.0
k__Bacteria;p__Firmicutes;c__Clostridia;o__Clostridiales;f__Peptostreptococcaceae;g__	0.0	0.0	0.0	0.0	0.0	0.0	0.0	0.0	0.0	0.0	0.0	0.0	0.0	0.0	0.0	0.0	0.0	0.0	0.0	0.0	0.0	0.0	0.0	0.0	0.0	0.0	0.0	0.0	0.0	0.0	0.0	0.0	0.0	0.0	0.0	0.0	1.0	0.0	0.0	0.0	0.0	0.0	0.0	0.0	0.0	0.0	0.0	0.0	0.0	0.0	0.0	0.0	0.0	0.0	0.0
k__Bacteria;p__Firmicutes;c__Clostridia;o__Clostridiales;f__Ruminococcaceae;g__	15037.0	14624.0	8150.0	7839.0	18681.0	10074.0	17053.0	17684.0	11418.0	14546.0	13958.0	15806.0	11007.0	12964.0	11798.0	6177.0	17950.0	11905.0	14300.0	27353.0	13516.0	8659.0	12179.0	30437.0	16663.0	19434.0	7947.0	13729.0	8848.0	14061.0	18970.0	13604.0	21810.0	6102.0	28057.0	18817.0	10025.0	7139.0	16857.0	10147.0	22498.0	14883.0	13263.0	10365.0	17130.0	17488.0	8149.0	7491.0	2434.0	8607.0	576.0	14000.0	16898.0	13738.0	17109.0
k__Bacteria;p__Firmicutes;c__Clostridia;o__Clostridiales;f__Ruminococcaceae;g__Clostridium	0.0	0.0	1.0	0.0	0.0	0.0	0.0	0.0	0.0	0.0	0.0	0.0	0.0	0.0	0.0	0.0	0.0	0.0	0.0	0.0	1.0	0.0	0.0	0.0	0.0	0.0	0.0	0.0	0.0	0.0	0.0	0.0	0.0	0.0	0.0	1.0	0.0	1.0	0.0	0.0	0.0	0.0	0.0	0.0	0.0	0.0	0.0	0.0	0.0	0.0	0.0	0.0	0.0	3.0	0.0
k__Bacteria;p__Firmicutes;c__Clostridia;o__Clostridiales;f__Ruminococcaceae;g__Faecalibacterium	1947.0	592.0	24.0	10.0	87.0	301.0	365.0	146.0	969.0	44.0	52.0	111.0	121.0	71.0	588.0	5.0	266.0	107.0	119.0	258.0	985.0	177.0	80.0	531.0	87.0	143.0	17.0	764.0	262.0	152.0	78.0	174.0	430.0	24.0	602.0	96.0	255.0	11.0	603.0	174.0	1041.0	188.0	54.0	1247.0	86.0	165.0	133.0	1070.0	0.0	2.0	1.0	50.0	103.0	950.0	118.0
k__Bacteria;p__Firmicutes;c__Clostridia;o__Clostridiales;f__Ruminococcaceae;g__Oscillospira	308.0	435.0	243.0	480.0	702.0	305.0	1346.0	205.0	1158.0	397.0	516.0	620.0	474.0	823.0	889.0	107.0	339.0	461.0	530.0	354.0	525.0	226.0	484.0	300.0	817.0	599.0	134.0	1396.0	597.0	711.0	1261.0	883.0	113.0	417.0	216.0	902.0	490.0	1021.0	1238.0	751.0	1151.0	569.0	392.0	272.0	522.0	917.0	475.0	291.0	19.0	1257.0	2036.0	1145.0	435.0	276.0	1560.0
k__Bacteria;p__Firmicutes;c__Clostridia;o__Clostridiales;f__Ruminococcaceae;g__Papillibacter	0.0	0.0	1.0	0.0	0.0	0.0	0.0	0.0	0.0	0.0	0.0	0.0	0.0	0.0	0.0	0.0	0.0	0.0	0.0	0.0	0.0	0.0	1.0	0.0	0.0	0.0	0.0	0.0	0.0	0.0	1.0	0.0	0.0	0.0	1.0	0.0	0.0	0.0	0.0	0.0	0.0	0.0	0.0	0.0	0.0	0.0	0.0	1.0	0.0	1.0	0.0	0.0	0.0	0.0	0.0
k__Bacteria;p__Firmicutes;c__Clostridia;o__Clostridiales;f__Ruminococcaceae;g__Ruminococcus	2344.0	3092.0	1754.0	5460.0	1558.0	773.0	2015.0	526.0	1819.0	2139.0	798.0	3217.0	1633.0	1325.0	2999.0	867.0	2589.0	1314.0	2208.0	3351.0	3136.0	990.0	1897.0	1820.0	4792.0	2652.0	1564.0	932.0	3836.0	3591.0	3264.0	5192.0	5.0	3177.0	119.0	1709.0	2664.0	386.0	2159.0	4158.0	1087.0	5824.0	3419.0	1923.0	6446.0	2129.0	3040.0	3085.0	5.0	1802.0	104.0	3852.0	4338.0	1058.0	1636.0
k__Bacteria;p__Firmicutes;c__Clostridia;o__Clostridiales;f__Veillonellaceae;g__Dialister	4.0	22.0	0.0	0.0	1.0	12.0	32.0	0.0	27.0	0.0	2.0	3.0	5.0	5.0	0.0	1.0	1.0	0.0	9.0	3.0	7.0	3.0	24.0	0.0	0.0	0.0	1.0	7.0	12.0	8.0	1.0	14.0	0.0	2.0	1.0	0.0	41.0	9.0	16.0	14.0	7.0	3.0	0.0	29.0	1.0	0.0	36.0	46.0	0.0	50.0	16.0	2.0	2.0	22.0	9.0
k__Bacteria;p__Firmicutes;c__Clostridia;o__Clostridiales;f__Veillonellaceae;g__Phascolarctobacterium	0.0	13.0	9.0	0.0	0.0	2.0	23.0	18.0	16.0	1.0	0.0	18.0	14.0	9.0	4.0	0.0	4.0	7.0	14.0	3.0	0.0	1.0	7.0	2.0	2.0	1.0	0.0	14.0	10.0	0.0	1.0	5.0	6.0	0.0	8.0	1.0	21.0	2.0	13.0	19.0	24.0	4.0	4.0	11.0	9.0	3.0	27.0	8.0	0.0	4.0	42.0	4.0	5.0	1.0	37.0
k__Bacteria;p__Firmicutes;c__Clostridia;o__Clostridiales;f__Veillonellaceae;g__Veillonella	1.0	0.0	0.0	0.0	0.0	0.0	0.0	0.0	0.0	0.0	0.0	0.0	0.0	0.0	0.0	0.0	0.0	0.0	0.0	0.0	0.0	0.0	0.0	0.0	0.0	0.0	0.0	0.0	0.0	3.0	1.0	0.0	0.0	4.0	0.0	2.0	0.0	0.0	0.0	0.0	0.0	0.0	0.0	0.0	0.0	0.0	0.0	3.0	0.0	0.0	0.0	0.0	0.0	1.0	1.0
k__Bacteria;p__Firmicutes;c__Clostridia;o__Clostridiales;f__[Mogibacteriaceae];g__	136.0	471.0	349.0	74.0	79.0	388.0	317.0	249.0	117.0	50.0	339.0	139.0	120.0	150.0	293.0	70.0	84.0	181.0	107.0	88.0	279.0	47.0	114.0	78.0	111.0	80.0	210.0	171.0	98.0	184.0	125.0	118.0	8.0	181.0	16.0	305.0	417.0	151.0	167.0	153.0	276.0	131.0	73.0	325.0	92.0	82.0	330.0	295.0	17.0	68.0	2.0	87.0	90.0	23.0	260.0
k__Bacteria;p__Firmicutes;c__Clostridia;o__Clostridiales;f__[Mogibacteriaceae];g__Mogibacterium	14.0	2.0	40.0	54.0	14.0	21.0	14.0	2.0	5.0	3.0	28.0	7.0	0.0	21.0	37.0	14.0	13.0	7.0	7.0	11.0	33.0	16.0	5.0	13.0	4.0	7.0	8.0	7.0	4.0	9.0	31.0	3.0	0.0	19.0	20.0	5.0	12.0	11.0	18.0	24.0	6.0	7.0	8.0	2.0	8.0	45.0	13.0	2.0	0.0	18.0	2.0	49.0	7.0	8.0	12.0
k__Bacteria;p__Firmicutes;c__Erysipelotrichi;o__Erysipelotrichales;f__Erysipelotrichaceae;g__Bulleidia	30.0	1.0	27.0	3.0	0.0	4.0	24.0	0.0	5.0	2.0	36.0	24.0	30.0	18.0	15.0	6.0	277.0	12.0	38.0	0.0	12.0	4.0	27.0	3.0	4.0	7.0	10.0	13.0	229.0	0.0	0.0	5.0	0.0	1977.0	0.0	27.0	2.0	9.0	14.0	6.0	7.0	28.0	5.0	0.0	486.0	5.0	1.0	0.0	0.0	108.0	0.0	1.0	447.0	31.0	0.0
k__Bacteria;p__Firmicutes;c__Erysipelotrichi;o__Erysipelotrichales;f__Erysipelotrichaceae;g__RFN20	7.0	23.0	6.0	9.0	0.0	1.0	3.0	0.0	18.0	3.0	9.0	4.0	28.0	24.0	74.0	12.0	12.0	1.0	25.0	4.0	94.0	8.0	18.0	5.0	9.0	2.0	0.0	0.0	38.0	26.0	5.0	12.0	0.0	0.0	0.0	0.0	36.0	2.0	2.0	0.0	10.0	15.0	6.0	4.0	2.0	2.0	33.0	4.0	0.0	0.0	0.0	34.0	12.0	75.0	21.0
k__Bacteria;p__Firmicutes;c__Erysipelotrichi;o__Erysipelotrichales;f__Erysipelotrichaceae;g__[Eubacterium]	0.0	0.0	0.0	0.0	0.0	0.0	0.0	0.0	0.0	0.0	0.0	0.0	0.0	0.0	0.0	0.0	0.0	0.0	0.0	0.0	0.0	0.0	1.0	0.0	0.0	0.0	0.0	0.0	0.0	0.0	0.0	0.0	0.0	0.0	0.0	0.0	0.0	0.0	0.0	0.0	0.0	0.0	0.0	0.0	0.0	0.0	0.0	0.0	0.0	0.0	0.0	0.0	0.0	0.0	0.0
k__Bacteria;p__Firmicutes;c__Erysipelotrichi;o__Erysipelotrichales;f__Erysipelotrichaceae;g__p-75-a5	4.0	7.0	5.0	16.0	1.0	1.0	5.0	3.0	1.0	1.0	5.0	4.0	1.0	3.0	7.0	1.0	7.0	3.0	0.0	4.0	2.0	2.0	1.0	3.0	9.0	3.0	0.0	2.0	1.0	3.0	0.0	6.0	0.0	15.0	0.0	7.0	4.0	2.0	3.0	1.0	2.0	4.0	7.0	0.0	3.0	5.0	6.0	0.0	0.0	17.0	0.0	7.0	4.0	12.0	4.0
k__Bacteria;p__Firmicutes;c__OPB54;o__;f__;g__	0.0	8.0	1.0	1.0	0.0	0.0	3.0	2.0	1.0	2.0	0.0	1.0	1.0	1.0	0.0	0.0	2.0	1.0	0.0	0.0	3.0	2.0	3.0	1.0	4.0	5.0	0.0	1.0	3.0	0.0	2.0	0.0	0.0	0.0	0.0	0.0	2.0	0.0	1.0	0.0	1.0	1.0	1.0	1.0	2.0	1.0	5.0	2.0	0.0	0.0	0.0	0.0	1.0	0.0	1.0
k__Bacteria;p__Gemmatimonadetes;c__Gemm-1;o__;f__;g__	0.0	0.0	0.0	0.0	0.0	0.0	2.0	0.0	0.0	0.0	0.0	1.0	0.0	0.0	0.0	0.0	0.0	0.0	0.0	0.0	1.0	0.0	2.0	0.0	0.0	1.0	0.0	0.0	2.0	0.0	0.0	0.0	0.0	0.0	0.0	0.0	0.0	0.0	0.0	0.0	0.0	0.0	0.0	0.0	0.0	0.0	0.0	0.0	0.0	0.0	0.0	0.0	0.0	0.0	0.0
k__Bacteria;p__Lentisphaerae;c__[Lentisphaeria];o__Victivallales;f__Victivallaceae;g__	0.0	3.0	0.0	0.0	0.0	0.0	0.0	0.0	0.0	0.0	0.0	0.0	0.0	2.0	0.0	0.0	1.0	0.0	0.0	0.0	0.0	0.0	0.0	0.0	0.0	0.0	0.0	0.0	0.0	2.0	0.0	0.0	0.0	0.0	0.0	0.0	1.0	0.0	0.0	0.0	1.0	0.0	0.0	2.0	1.0	0.0	0.0	5.0	0.0	0.0	0.0	0.0	0.0	0.0	0.0
k__Bacteria;p__Proteobacteria;c__Alphaproteobacteria;o__Caulobacterales;f__;g__	0.0	0.0	5.0	0.0	0.0	0.0	2.0	0.0	0.0	0.0	0.0	0.0	0.0	0.0	2.0	0.0	0.0	0.0	0.0	0.0	0.0	0.0	0.0	0.0	0.0	0.0	0.0	1.0	0.0	0.0	0.0	0.0	0.0	0.0	0.0	0.0	0.0	0.0	0.0	0.0	0.0	0.0	0.0	0.0	0.0	0.0	0.0	0.0	0.0	1.0	0.0	0.0	0.0	0.0	0.0
k__Bacteria;p__Proteobacteria;c__Alphaproteobacteria;o__Caulobacterales;f__Caulobacteraceae;g__Phenylobacterium	0.0	0.0	8.0	0.0	0.0	2.0	9.0	0.0	0.0	2.0	0.0	0.0	0.0	0.0	1.0	2.0	0.0	3.0	0.0	0.0	3.0	0.0	1.0	0.0	0.0	1.0	0.0	1.0	0.0	0.0	0.0	0.0	0.0	0.0	0.0	0.0	0.0	0.0	0.0	0.0	0.0	0.0	0.0	0.0	0.0	0.0	0.0	0.0	0.0	0.0	0.0	0.0	0.0	0.0	0.0
k__Bacteria;p__Proteobacteria;c__Alphaproteobacteria;o__RF32;f__;g__	7.0	1.0	3.0	1.0	0.0	0.0	1.0	3.0	4.0	0.0	4.0	2.0	1.0	3.0	5.0	5.0	0.0	5.0	0.0	2.0	6.0	0.0	2.0	0.0	0.0	0.0	0.0	15.0	1.0	1.0	1.0	3.0	0.0	1.0	0.0	1.0	3.0	0.0	0.0	4.0	0.0	3.0	4.0	0.0	0.0	2.0	0.0	0.0	0.0	3.0	0.0	4.0	0.0	0.0	1.0
k__Bacteria;p__Proteobacteria;c__Alphaproteobacteria;o__Rhizobiales;f__;g__	0.0	0.0	3.0	0.0	0.0	1.0	9.0	0.0	0.0	1.0	0.0	1.0	0.0	0.0	2.0	0.0	0.0	0.0	0.0	0.0	1.0	0.0	3.0	0.0	0.0	0.0	0.0	1.0	0.0	0.0	0.0	0.0	0.0	0.0	0.0	0.0	0.0	0.0	0.0	0.0	0.0	0.0	0.0	0.0	1.0	0.0	0.0	0.0	0.0	0.0	0.0	0.0	0.0	0.0	0.0
k__Bacteria;p__Proteobacteria;c__Alphaproteobacteria;o__Rhizobiales;f__Aurantimonadaceae;g__	0.0	3.0	9.0	0.0	1.0	0.0	6.0	0.0	0.0	0.0	1.0	0.0	2.0	0.0	0.0	2.0	0.0	2.0	0.0	0.0	1.0	0.0	0.0	0.0	0.0	0.0	6.0	0.0	0.0	0.0	0.0	0.0	1.0	0.0	0.0	0.0	0.0	1.0	1.0	0.0	0.0	0.0	0.0	0.0	0.0	1.0	4.0	1.0	0.0	0.0	0.0	4.0	0.0	0.0	0.0
k__Bacteria;p__Proteobacteria;c__Alphaproteobacteria;o__Rhizobiales;f__Bradyrhizobiaceae;g__	0.0	0.0	4.0	0.0	0.0	3.0	5.0	0.0	0.0	1.0	0.0	1.0	0.0	3.0	0.0	0.0	0.0	0.0	0.0	0.0	1.0	1.0	1.0	0.0	0.0	0.0	0.0	1.0	0.0	0.0	0.0	0.0	0.0	0.0	0.0	0.0	0.0	0.0	0.0	1.0	0.0	0.0	0.0	0.0	0.0	0.0	0.0	0.0	0.0	1.0	0.0	0.0	0.0	0.0	0.0
k__Bacteria;p__Proteobacteria;c__Alphaproteobacteria;o__Rhizobiales;f__Bradyrhizobiaceae;g__Balneimonas	0.0	0.0	5.0	0.0	0.0	1.0	34.0	1.0	0.0	1.0	0.0	1.0	0.0	1.0	1.0	0.0	0.0	0.0	1.0	0.0	3.0	0.0	2.0	0.0	0.0	2.0	0.0	0.0	1.0	0.0	0.0	0.0	0.0	0.0	0.0	0.0	1.0	0.0	1.0	1.0	0.0	0.0	0.0	0.0	2.0	0.0	0.0	0.0	0.0	0.0	0.0	0.0	0.0	0.0	0.0
k__Bacteria;p__Proteobacteria;c__Alphaproteobacteria;o__Rhizobiales;f__Bradyrhizobiaceae;g__Bradyrhizobium	0.0	0.0	6.0	0.0	0.0	1.0	6.0	0.0	0.0	0.0	0.0	1.0	0.0	5.0	1.0	0.0	0.0	0.0	0.0	0.0	2.0	0.0	1.0	0.0	0.0	0.0	1.0	0.0	0.0	0.0	0.0	0.0	0.0	0.0	0.0	0.0	0.0	0.0	0.0	1.0	0.0	0.0	1.0	0.0	0.0	0.0	0.0	0.0	0.0	1.0	0.0	0.0	0.0	0.0	0.0
k__Bacteria;p__Proteobacteria;c__Alphaproteobacteria;o__Rhizobiales;f__Hyphomicrobiaceae;g__	0.0	0.0	5.0	0.0	0.0	1.0	2.0	2.0	0.0	0.0	0.0	1.0	0.0	0.0	0.0	0.0	0.0	0.0	0.0	0.0	0.0	0.0	0.0	0.0	0.0	0.0	0.0	0.0	0.0	0.0	0.0	1.0	0.0	0.0	0.0	0.0	2.0	0.0	0.0	0.0	0.0	0.0	0.0	0.0	1.0	0.0	0.0	0.0	0.0	0.0	0.0	0.0	0.0	0.0	0.0
k__Bacteria;p__Proteobacteria;c__Alphaproteobacteria;o__Rhizobiales;f__Hyphomicrobiaceae;g__Devosia	1.0	2.0	12.0	0.0	0.0	1.0	14.0	0.0	0.0	0.0	0.0	0.0	0.0	7.0	1.0	0.0	0.0	2.0	0.0	0.0	3.0	0.0	8.0	0.0	0.0	0.0	1.0	1.0	0.0	0.0	0.0	0.0	0.0	0.0	0.0	0.0	1.0	0.0	0.0	0.0	0.0	0.0	1.0	2.0	0.0	0.0	1.0	0.0	0.0	0.0	1.0	0.0	0.0	0.0	0.0
k__Bacteria;p__Proteobacteria;c__Alphaproteobacteria;o__Rhizobiales;f__Hyphomicrobiaceae;g__Pedomicrobium	0.0	0.0	4.0	0.0	0.0	0.0	0.0	0.0	0.0	1.0	0.0	0.0	0.0	1.0	0.0	1.0	0.0	0.0	0.0	0.0	1.0	0.0	1.0	0.0	0.0	0.0	0.0	0.0	0.0	0.0	0.0	0.0	0.0	0.0	0.0	0.0	0.0	0.0	0.0	0.0	0.0	0.0	0.0	0.0	0.0	0.0	0.0	0.0	0.0	0.0	0.0	0.0	0.0	0.0	0.0
k__Bacteria;p__Proteobacteria;c__Alphaproteobacteria;o__Rhizobiales;f__Hyphomicrobiaceae;g__Rhodoplanes	0.0	0.0	10.0	0.0	0.0	0.0	3.0	0.0	0.0	1.0	0.0	0.0	0.0	0.0	0.0	0.0	0.0	0.0	0.0	0.0	2.0	0.0	2.0	0.0	0.0	0.0	0.0	0.0	0.0	0.0	0.0	0.0	0.0	0.0	0.0	1.0	0.0	0.0	0.0	2.0	0.0	1.0	0.0	0.0	0.0	0.0	0.0	0.0	0.0	0.0	0.0	0.0	1.0	0.0	0.0
k__Bacteria;p__Proteobacteria;c__Alphaproteobacteria;o__Rhizobiales;f__Methylobacteriaceae;g__	0.0	1.0	3.0	0.0	0.0	0.0	12.0	0.0	0.0	0.0	0.0	0.0	0.0	2.0	1.0	0.0	0.0	0.0	0.0	0.0	0.0	0.0	1.0	0.0	1.0	0.0	0.0	1.0	0.0	0.0	0.0	0.0	0.0	1.0	1.0	0.0	0.0	0.0	0.0	0.0	0.0	0.0	0.0	0.0	0.0	0.0	3.0	0.0	0.0	0.0	0.0	0.0	0.0	0.0	0.0
k__Bacteria;p__Proteobacteria;c__Alphaproteobacteria;o__Rhizobiales;f__Methylobacteriaceae;g__Methylobacterium	0.0	1.0	6.0	1.0	1.0	0.0	4.0	0.0	1.0	0.0	0.0	0.0	0.0	2.0	0.0	0.0	0.0	0.0	0.0	0.0	1.0	1.0	6.0	0.0	1.0	0.0	6.0	1.0	0.0	0.0	0.0	0.0	0.0	1.0	0.0	1.0	0.0	0.0	0.0	0.0	0.0	0.0	0.0	0.0	0.0	0.0	0.0	0.0	0.0	0.0	0.0	1.0	0.0	0.0	0.0
k__Bacteria;p__Proteobacteria;c__Alphaproteobacteria;o__Rhizobiales;f__Methylocystaceae;g__	2.0	0.0	0.0	0.0	0.0	0.0	0.0	0.0	0.0	0.0	2.0	0.0	0.0	1.0	0.0	0.0	0.0	2.0	0.0	1.0	0.0	1.0	1.0	0.0	0.0	0.0	3.0	0.0	0.0	0.0	0.0	0.0	0.0	3.0	0.0	0.0	0.0	0.0	0.0	0.0	0.0	0.0	0.0	0.0	0.0	1.0	0.0	1.0	0.0	0.0	0.0	0.0	0.0	0.0	0.0
k__Bacteria;p__Proteobacteria;c__Alphaproteobacteria;o__Rhizobiales;f__Phyllobacteriaceae;g__	0.0	0.0	3.0	0.0	0.0	0.0	1.0	0.0	0.0	1.0	0.0	0.0	0.0	0.0	1.0	0.0	0.0	0.0	0.0	0.0	2.0	0.0	1.0	0.0	0.0	0.0	0.0	1.0	0.0	0.0	0.0	0.0	0.0	0.0	0.0	0.0	0.0	0.0	0.0	0.0	0.0	0.0	0.0	0.0	0.0	0.0	0.0	0.0	0.0	0.0	0.0	0.0	0.0	0.0	0.0
k__Bacteria;p__Proteobacteria;c__Alphaproteobacteria;o__Rhizobiales;f__Rhizobiaceae;g__	0.0	0.0	7.0	0.0	0.0	0.0	1.0	0.0	0.0	0.0	0.0	0.0	0.0	1.0	1.0	0.0	0.0	0.0	0.0	0.0	3.0	0.0	0.0	2.0	0.0	0.0	0.0	1.0	0.0	0.0	0.0	0.0	0.0	0.0	0.0	0.0	0.0	0.0	0.0	0.0	0.0	0.0	0.0	0.0	0.0	0.0	0.0	0.0	0.0	0.0	0.0	0.0	0.0	0.0	0.0
k__Bacteria;p__Proteobacteria;c__Alphaproteobacteria;o__Rhizobiales;f__Rhizobiaceae;g__Agrobacterium	0.0	0.0	11.0	0.0	0.0	0.0	4.0	0.0	0.0	1.0	0.0	1.0	0.0	3.0	0.0	0.0	0.0	1.0	0.0	0.0	2.0	0.0	8.0	0.0	1.0	0.0	2.0	0.0	0.0	0.0	0.0	0.0	0.0	0.0	0.0	0.0	0.0	0.0	0.0	1.0	0.0	0.0	0.0	0.0	0.0	0.0	0.0	1.0	0.0	0.0	0.0	0.0	0.0	0.0	0.0
k__Bacteria;p__Proteobacteria;c__Alphaproteobacteria;o__Rhizobiales;f__Rhizobiaceae;g__Rhizobium	0.0	0.0	1.0	0.0	0.0	0.0	3.0	0.0	0.0	0.0	0.0	0.0	0.0	4.0	1.0	0.0	0.0	0.0	0.0	0.0	1.0	0.0	3.0	0.0	0.0	0.0	0.0	2.0	0.0	0.0	0.0	0.0	0.0	0.0	0.0	0.0	1.0	0.0	0.0	4.0	0.0	0.0	0.0	0.0	0.0	0.0	1.0	0.0	0.0	0.0	0.0	0.0	0.0	0.0	0.0
k__Bacteria;p__Proteobacteria;c__Alphaproteobacteria;o__Rhizobiales;f__Rhizobiaceae;g__Shinella	1.0	1.0	1.0	0.0	0.0	1.0	25.0	0.0	0.0	0.0	0.0	0.0	0.0	4.0	1.0	0.0	0.0	1.0	0.0	0.0	0.0	0.0	8.0	0.0	0.0	0.0	0.0	0.0	0.0	0.0	1.0	0.0	0.0	0.0	0.0	0.0	0.0	0.0	0.0	0.0	0.0	0.0	0.0	0.0	0.0	0.0	2.0	1.0	0.0	0.0	2.0	1.0	0.0	0.0	0.0
k__Bacteria;p__Proteobacteria;c__Alphaproteobacteria;o__Rhizobiales;f__Xanthobacteraceae;g__Labrys	1.0	0.0	2.0	1.0	1.0	0.0	4.0	0.0	0.0	2.0	0.0	0.0	0.0	0.0	0.0	1.0	1.0	0.0	0.0	1.0	0.0	0.0	0.0	1.0	1.0	0.0	0.0	0.0	0.0	0.0	0.0	0.0	0.0	1.0	0.0	0.0	0.0	0.0	0.0	0.0	0.0	0.0	0.0	1.0	0.0	0.0	0.0	1.0	0.0	0.0	0.0	0.0	0.0	0.0	0.0
k__Bacteria;p__Proteobacteria;c__Alphaproteobacteria;o__Rhodobacterales;f__Rhodobacteraceae;g__Paracoccus	0.0	0.0	2.0	0.0	0.0	0.0	7.0	0.0	0.0	0.0	0.0	0.0	0.0	7.0	0.0	0.0	0.0	0.0	0.0	0.0	3.0	0.0	0.0	0.0	0.0	0.0	0.0	3.0	0.0	1.0	0.0	0.0	0.0	0.0	0.0	0.0	0.0	0.0	0.0	0.0	0.0	0.0	0.0	0.0	0.0	0.0	0.0	0.0	0.0	0.0	0.0	0.0	0.0	0.0	0.0
k__Bacteria;p__Proteobacteria;c__Alphaproteobacteria;o__Rhodospirillales;f__Rhodospirillaceae;g__	0.0	0.0	3.0	0.0	0.0	0.0	1.0	0.0	0.0	1.0	0.0	0.0	0.0	1.0	0.0	0.0	0.0	1.0	0.0	0.0	1.0	0.0	1.0	0.0	0.0	1.0	0.0	0.0	0.0	0.0	0.0	0.0	0.0	0.0	0.0	0.0	0.0	0.0	0.0	0.0	0.0	0.0	0.0	0.0	0.0	0.0	0.0	0.0	0.0	0.0	0.0	0.0	0.0	0.0	0.0
k__Bacteria;p__Proteobacteria;c__Alphaproteobacteria;o__Rickettsiales;f__;g__	0.0	2.0	6.0	0.0	0.0	0.0	1.0	1.0	3.0	0.0	0.0	3.0	0.0	0.0	1.0	0.0	0.0	0.0	3.0	1.0	0.0	3.0	0.0	1.0	2.0	0.0	1.0	0.0	5.0	0.0	0.0	0.0	0.0	1.0	0.0	1.0	15.0	0.0	1.0	2.0	2.0	1.0	1.0	0.0	0.0	0.0	7.0	1.0	0.0	0.0	0.0	0.0	0.0	0.0	3.0
k__Bacteria;p__Proteobacteria;c__Alphaproteobacteria;o__Sphingomonadales;f__Sphingomonadaceae;g__	0.0	2.0	13.0	1.0	1.0	1.0	14.0	2.0	0.0	1.0	0.0	0.0	0.0	0.0	0.0	0.0	0.0	3.0	0.0	1.0	0.0	1.0	2.0	0.0	0.0	0.0	0.0	1.0	0.0	0.0	0.0	0.0	0.0	1.0	0.0	1.0	0.0	0.0	0.0	0.0	0.0	0.0	1.0	0.0	1.0	0.0	2.0	0.0	0.0	0.0	0.0	2.0	0.0	0.0	0.0
k__Bacteria;p__Proteobacteria;c__Alphaproteobacteria;o__Sphingomonadales;f__Sphingomonadaceae;g__Kaistobacter	0.0	0.0	9.0	0.0	0.0	4.0	85.0	0.0	1.0	11.0	0.0	6.0	0.0	4.0	1.0	4.0	0.0	2.0	0.0	0.0	7.0	0.0	16.0	0.0	3.0	3.0	0.0	1.0	1.0	0.0	0.0	0.0	2.0	0.0	0.0	0.0	2.0	0.0	0.0	1.0	0.0	0.0	1.0	0.0	4.0	0.0	0.0	0.0	0.0	1.0	0.0	0.0	1.0	0.0	0.0
k__Bacteria;p__Proteobacteria;c__Alphaproteobacteria;o__Sphingomonadales;f__Sphingomonadaceae;g__Sphingobium	0.0	0.0	0.0	1.0	0.0	0.0	0.0	0.0	0.0	0.0	0.0	0.0	0.0	0.0	1.0	0.0	0.0	0.0	0.0	0.0	2.0	0.0	0.0	0.0	0.0	0.0	0.0	0.0	0.0	1.0	0.0	0.0	0.0	0.0	0.0	0.0	0.0	0.0	0.0	0.0	0.0	0.0	0.0	0.0	0.0	0.0	0.0	0.0	0.0	0.0	2.0	0.0	0.0	1.0	0.0
k__Bacteria;p__Proteobacteria;c__Alphaproteobacteria;o__Sphingomonadales;f__Sphingomonadaceae;g__Sphingomonas	0.0	1.0	0.0	0.0	1.0	0.0	1.0	0.0	0.0	0.0	0.0	0.0	0.0	1.0	0.0	3.0	0.0	0.0	1.0	0.0	0.0	1.0	1.0	0.0	1.0	0.0	1.0	0.0	0.0	0.0	1.0	0.0	0.0	4.0	0.0	0.0	0.0	2.0	0.0	0.0	1.0	0.0	0.0	0.0	0.0	0.0	0.0	0.0	0.0	1.0	0.0	3.0	0.0	0.0	0.0
k__Bacteria;p__Proteobacteria;c__Betaproteobacteria;o__Burkholderiales;f__;g__	0.0	1.0	0.0	0.0	0.0	0.0	0.0	0.0	0.0	0.0	0.0	0.0	0.0	0.0	0.0	0.0	0.0	0.0	0.0	0.0	0.0	0.0	0.0	0.0	0.0	0.0	0.0	0.0	0.0	1.0	0.0	0.0	0.0	0.0	0.0	0.0	0.0	0.0	0.0	0.0	0.0	0.0	0.0	0.0	0.0	0.0	0.0	0.0	0.0	0.0	0.0	0.0	0.0	0.0	0.0
k__Bacteria;p__Proteobacteria;c__Betaproteobacteria;o__Burkholderiales;f__Alcaligenaceae;g__Sutterella	0.0	0.0	0.0	0.0	0.0	0.0	13.0	2.0	7.0	0.0	0.0	1.0	1.0	2.0	0.0	0.0	0.0	1.0	1.0	1.0	0.0	1.0	0.0	0.0	0.0	0.0	0.0	13.0	8.0	0.0	0.0	1.0	17.0	0.0	9.0	1.0	1.0	0.0	8.0	5.0	0.0	1.0	0.0	5.0	1.0	0.0	2.0	17.0	0.0	25.0	305.0	1.0	1.0	0.0	0.0
k__Bacteria;p__Proteobacteria;c__Betaproteobacteria;o__Burkholderiales;f__Comamonadaceae;g__	0.0	0.0	5.0	0.0	0.0	0.0	4.0	1.0	0.0	0.0	0.0	0.0	0.0	2.0	0.0	0.0	0.0	0.0	1.0	1.0	2.0	0.0	1.0	0.0	0.0	1.0	0.0	1.0	0.0	0.0	0.0	0.0	0.0	0.0	0.0	1.0	1.0	0.0	0.0	1.0	0.0	0.0	0.0	0.0	0.0	0.0	0.0	0.0	0.0	1.0	0.0	1.0	1.0	0.0	0.0
k__Bacteria;p__Proteobacteria;c__Betaproteobacteria;o__Burkholderiales;f__Comamonadaceae;g__Comamonas	0.0	0.0	0.0	0.0	0.0	0.0	0.0	0.0	0.0	0.0	0.0	0.0	0.0	1.0	1.0	0.0	0.0	0.0	0.0	0.0	0.0	0.0	0.0	0.0	0.0	0.0	0.0	0.0	0.0	0.0	0.0	0.0	0.0	1.0	0.0	0.0	0.0	0.0	0.0	0.0	0.0	0.0	0.0	0.0	0.0	0.0	0.0	1.0	0.0	0.0	0.0	0.0	0.0	0.0	0.0
k__Bacteria;p__Proteobacteria;c__Betaproteobacteria;o__Burkholderiales;f__Comamonadaceae;g__Limnohabitans	0.0	0.0	1.0	0.0	0.0	0.0	1.0	0.0	1.0	0.0	1.0	0.0	0.0	0.0	1.0	0.0	0.0	1.0	0.0	0.0	0.0	0.0	0.0	0.0	0.0	0.0	0.0	0.0	0.0	0.0	0.0	0.0	0.0	1.0	0.0	0.0	0.0	0.0	0.0	0.0	1.0	0.0	0.0	0.0	0.0	0.0	0.0	0.0	0.0	1.0	1.0	0.0	0.0	0.0	0.0
k__Bacteria;p__Proteobacteria;c__Betaproteobacteria;o__Burkholderiales;f__Oxalobacteraceae;g__	0.0	0.0	0.0	0.0	0.0	0.0	0.0	0.0	0.0	0.0	0.0	0.0	0.0	0.0	0.0	0.0	0.0	0.0	2.0	0.0	0.0	0.0	1.0	0.0	0.0	0.0	0.0	0.0	0.0	0.0	0.0	1.0	0.0	0.0	0.0	0.0	0.0	0.0	0.0	0.0	0.0	0.0	0.0	0.0	0.0	1.0	0.0	0.0	0.0	0.0	0.0	0.0	0.0	0.0	0.0
k__Bacteria;p__Proteobacteria;c__Betaproteobacteria;o__Burkholderiales;f__Oxalobacteraceae;g__Oxalobacter	1.0	3.0	21.0	1.0	0.0	1.0	3.0	1.0	0.0	0.0	7.0	4.0	7.0	1.0	20.0	1.0	1.0	1.0	9.0	9.0	18.0	2.0	0.0	0.0	4.0	0.0	1.0	1.0	0.0	2.0	1.0	4.0	0.0	0.0	0.0	3.0	5.0	0.0	4.0	1.0	0.0	0.0	3.0	21.0	1.0	22.0	9.0	21.0	0.0	0.0	0.0	2.0	3.0	0.0	1.0
k__Bacteria;p__Proteobacteria;c__Betaproteobacteria;o__Rhodocyclales;f__Rhodocyclaceae;g__Dechloromonas	0.0	0.0	1.0	0.0	0.0	0.0	0.0	0.0	0.0	0.0	0.0	0.0	0.0	0.0	0.0	0.0	0.0	0.0	0.0	0.0	0.0	0.0	0.0	0.0	0.0	1.0	0.0	0.0	0.0	0.0	0.0	0.0	0.0	0.0	0.0	0.0	0.0	0.0	0.0	0.0	0.0	0.0	0.0	0.0	0.0	0.0	0.0	0.0	0.0	0.0	0.0	0.0	0.0	0.0	0.0
k__Bacteria;p__Proteobacteria;c__Deltaproteobacteria;o__Desulfovibrionales;f__Desulfovibrionaceae;g__Desulfovibrio	0.0	2.0	1.0	6.0	0.0	0.0	14.0	42.0	28.0	0.0	2.0	1.0	1.0	2.0	0.0	0.0	1.0	1.0	2.0	0.0	1.0	4.0	0.0	1.0	3.0	0.0	7.0	9.0	2.0	1.0	0.0	4.0	0.0	3.0	0.0	23.0	12.0	2.0	33.0	10.0	11.0	9.0	1.0	10.0	0.0	3.0	15.0	14.0	0.0	32.0	2561.0	0.0	4.0	7.0	3.0
k__Bacteria;p__Proteobacteria;c__Deltaproteobacteria;o__Myxococcales;f__;g__	0.0	1.0	13.0	0.0	0.0	0.0	7.0	0.0	0.0	5.0	0.0	1.0	0.0	0.0	2.0	0.0	0.0	0.0	0.0	0.0	0.0	0.0	7.0	0.0	1.0	0.0	1.0	1.0	2.0	0.0	0.0	0.0	0.0	0.0	0.0	0.0	0.0	0.0	0.0	0.0	0.0	0.0	0.0	0.0	0.0	0.0	0.0	0.0	0.0	0.0	1.0	0.0	1.0	0.0	0.0
k__Bacteria;p__Proteobacteria;c__Deltaproteobacteria;o__Myxococcales;f__Cystobacteraceae;g__	0.0	0.0	0.0	0.0	0.0	1.0	4.0	0.0	0.0	1.0	0.0	3.0	0.0	1.0	0.0	0.0	0.0	0.0	0.0	0.0	0.0	0.0	0.0	0.0	0.0	0.0	0.0	1.0	0.0	0.0	0.0	0.0	0.0	0.0	0.0	0.0	0.0	0.0	0.0	1.0	0.0	0.0	0.0	0.0	0.0	0.0	0.0	0.0	0.0	0.0	0.0	0.0	0.0	0.0	0.0
k__Bacteria;p__Proteobacteria;c__Epsilonproteobacteria;o__Campylobacterales;f__Campylobacteraceae;g__Campylobacter	7.0	6.0	7.0	9.0	18.0	0.0	7.0	0.0	2.0	2.0	2.0	1.0	0.0	9.0	11.0	0.0	5.0	2.0	2.0	0.0	8.0	0.0	0.0	0.0	0.0	10.0	0.0	3.0	5.0	9.0	16.0	1.0	0.0	0.0	0.0	0.0	4.0	2.0	11.0	0.0	7.0	0.0	1.0	0.0	0.0	4.0	0.0	0.0	0.0	23.0	0.0	4.0	0.0	1.0	3.0
k__Bacteria;p__Proteobacteria;c__Epsilonproteobacteria;o__Campylobacterales;f__Helicobacteraceae;g__	1.0	0.0	0.0	0.0	0.0	0.0	0.0	0.0	0.0	0.0	0.0	0.0	0.0	1.0	0.0	0.0	0.0	0.0	2.0	0.0	1.0	0.0	0.0	0.0	1.0	0.0	0.0	0.0	0.0	0.0	2.0	0.0	0.0	0.0	0.0	0.0	0.0	0.0	0.0	1.0	0.0	0.0	0.0	0.0	0.0	1.0	1.0	0.0	0.0	0.0	0.0	0.0	0.0	0.0	0.0
k__Bacteria;p__Proteobacteria;c__Epsilonproteobacteria;o__Campylobacterales;f__Helicobacteraceae;g__Flexispira	15.0	18.0	4.0	10.0	41.0	1.0	6.0	1.0	1.0	6.0	6.0	17.0	115.0	13.0	8.0	19.0	27.0	0.0	62.0	0.0	29.0	1.0	7.0	3.0	47.0	10.0	0.0	1.0	25.0	19.0	20.0	27.0	34.0	7.0	95.0	44.0	90.0	1.0	3.0	47.0	3.0	4.0	7.0	20.0	4.0	24.0	28.0	17.0	0.0	75.0	177.0	15.0	25.0	4.0	0.0
k__Bacteria;p__Proteobacteria;c__Epsilonproteobacteria;o__Campylobacterales;f__Helicobacteraceae;g__Helicobacter	0.0	0.0	0.0	0.0	1.0	0.0	0.0	0.0	0.0	0.0	0.0	0.0	1.0	1.0	0.0	0.0	0.0	0.0	0.0	0.0	1.0	0.0	0.0	0.0	0.0	0.0	0.0	0.0	0.0	0.0	0.0	0.0	0.0	0.0	0.0	0.0	0.0	0.0	0.0	0.0	0.0	0.0	1.0	0.0	1.0	0.0	0.0	0.0	0.0	0.0	1.0	0.0	0.0	0.0	0.0
k__Bacteria;p__Proteobacteria;c__Gammaproteobacteria;o__Aeromonadales;f__Aeromonadaceae;g__	0.0	1.0	0.0	0.0	2.0	0.0	0.0	0.0	0.0	0.0	0.0	0.0	0.0	0.0	0.0	0.0	0.0	0.0	0.0	0.0	0.0	0.0	0.0	1.0	0.0	0.0	4.0	0.0	0.0	0.0	1.0	0.0	0.0	1.0	0.0	0.0	0.0	0.0	0.0	0.0	0.0	0.0	0.0	0.0	0.0	0.0	0.0	1.0	0.0	0.0	0.0	3.0	0.0	0.0	0.0
k__Bacteria;p__Proteobacteria;c__Gammaproteobacteria;o__Enterobacteriales;f__Enterobacteriaceae;g__	1.0	2.0	0.0	1.0	99.0	0.0	6.0	2.0	6.0	0.0	0.0	0.0	0.0	9.0	4.0	3.0	0.0	1.0	0.0	6.0	0.0	0.0	0.0	3.0	0.0	0.0	17.0	1.0	0.0	5.0	21.0	1.0	2.0	13.0	0.0	3.0	3.0	1.0	0.0	0.0	0.0	0.0	1.0	2.0	0.0	6.0	5.0	8.0	2.0	0.0	35.0	2.0	0.0	3.0	0.0
k__Bacteria;p__Proteobacteria;c__Gammaproteobacteria;o__Enterobacteriales;f__Enterobacteriaceae;g__Citrobacter	0.0	1.0	0.0	2.0	19.0	0.0	0.0	0.0	0.0	0.0	0.0	0.0	0.0	0.0	0.0	2.0	0.0	0.0	0.0	1.0	0.0	0.0	0.0	3.0	0.0	0.0	13.0	1.0	0.0	5.0	2.0	0.0	1.0	0.0	0.0	0.0	3.0	3.0	0.0	0.0	0.0	0.0	0.0	1.0	0.0	3.0	3.0	1.0	0.0	0.0	0.0	2.0	0.0	2.0	0.0
k__Bacteria;p__Proteobacteria;c__Gammaproteobacteria;o__Enterobacteriales;f__Enterobacteriaceae;g__Enterobacter	0.0	0.0	0.0	0.0	1.0	0.0	0.0	0.0	0.0	0.0	0.0	0.0	0.0	0.0	0.0	0.0	0.0	0.0	0.0	0.0	0.0	0.0	0.0	0.0	0.0	0.0	0.0	1.0	0.0	1.0	0.0	0.0	0.0	1.0	0.0	1.0	0.0	0.0	0.0	0.0	0.0	0.0	0.0	0.0	0.0	0.0	0.0	0.0	0.0	0.0	1.0	0.0	0.0	0.0	0.0
k__Bacteria;p__Proteobacteria;c__Gammaproteobacteria;o__Enterobacteriales;f__Enterobacteriaceae;g__Erwinia	1.0	0.0	2.0	0.0	0.0	0.0	3.0	0.0	0.0	0.0	0.0	0.0	0.0	0.0	0.0	0.0	0.0	0.0	0.0	1.0	0.0	0.0	0.0	0.0	0.0	0.0	1.0	0.0	0.0	1.0	0.0	0.0	0.0	1.0	0.0	0.0	0.0	0.0	0.0	0.0	0.0	0.0	0.0	0.0	0.0	0.0	0.0	0.0	0.0	0.0	1.0	0.0	0.0	0.0	0.0
k__Bacteria;p__Proteobacteria;c__Gammaproteobacteria;o__Pasteurellales;f__Pasteurellaceae;g__	0.0	0.0	0.0	0.0	2.0	0.0	0.0	0.0	2.0	0.0	1.0	0.0	0.0	0.0	0.0	0.0	0.0	0.0	0.0	0.0	0.0	0.0	0.0	0.0	0.0	0.0	0.0	0.0	0.0	0.0	0.0	0.0	0.0	5.0	0.0	2.0	0.0	0.0	0.0	0.0	0.0	0.0	0.0	0.0	0.0	0.0	0.0	0.0	0.0	0.0	0.0	1.0	0.0	0.0	0.0
k__Bacteria;p__Proteobacteria;c__Gammaproteobacteria;o__Pasteurellales;f__Pasteurellaceae;g__Aggregatibacter	0.0	0.0	1.0	0.0	2.0	0.0	0.0	0.0	0.0	0.0	0.0	0.0	0.0	0.0	0.0	0.0	0.0	1.0	0.0	0.0	0.0	0.0	0.0	1.0	0.0	0.0	8.0	0.0	0.0	2.0	1.0	0.0	0.0	4.0	0.0	2.0	0.0	1.0	0.0	0.0	0.0	0.0	0.0	0.0	0.0	0.0	0.0	0.0	0.0	0.0	0.0	1.0	0.0	0.0	0.0
k__Bacteria;p__Proteobacteria;c__Gammaproteobacteria;o__Pasteurellales;f__Pasteurellaceae;g__Necropsobacter	0.0	0.0	3.0	0.0	23.0	0.0	0.0	0.0	3.0	0.0	0.0	0.0	0.0	0.0	0.0	2.0	0.0	0.0	0.0	0.0	0.0	0.0	6.0	0.0	0.0	0.0	8.0	0.0	0.0	46.0	13.0	0.0	0.0	67.0	0.0	7.0	1.0	0.0	0.0	0.0	0.0	0.0	0.0	0.0	0.0	0.0	0.0	1.0	0.0	0.0	0.0	14.0	0.0	0.0	1.0
k__Bacteria;p__Proteobacteria;c__Gammaproteobacteria;o__Pasteurellales;f__Pasteurellaceae;g__Pasteurella	0.0	0.0	0.0	0.0	1.0	0.0	0.0	0.0	0.0	0.0	1.0	0.0	0.0	0.0	0.0	0.0	0.0	0.0	0.0	0.0	0.0	0.0	0.0	0.0	0.0	0.0	0.0	0.0	0.0	0.0	0.0	0.0	0.0	9.0	0.0	0.0	0.0	1.0	0.0	1.0	0.0	0.0	0.0	0.0	0.0	1.0	0.0	0.0	0.0	0.0	0.0	0.0	0.0	1.0	0.0
k__Bacteria;p__Proteobacteria;c__Gammaproteobacteria;o__Pseudomonadales;f__Moraxellaceae;g__Acinetobacter	0.0	1.0	0.0	8.0	0.0	0.0	3.0	2.0	0.0	0.0	0.0	0.0	0.0	19.0	764.0	2.0	0.0	2.0	0.0	9.0	0.0	0.0	0.0	4.0	0.0	0.0	17.0	3.0	0.0	3.0	3.0	0.0	4.0	4.0	5.0	2.0	3.0	0.0	0.0	0.0	0.0	0.0	0.0	1.0	0.0	831.0	3.0	1.0	3.0	0.0	1.0	4.0	0.0	3.0	0.0
k__Bacteria;p__Proteobacteria;c__Gammaproteobacteria;o__Pseudomonadales;f__Pseudomonadaceae;g__Pseudomonas	2.0	3.0	7.0	1.0	2.0	0.0	2.0	1.0	0.0	3.0	0.0	3.0	0.0	3.0	3.0	1.0	0.0	2.0	0.0	2.0	3.0	1.0	3.0	3.0	0.0	0.0	2.0	1.0	0.0	2.0	0.0	2.0	0.0	0.0	3.0	0.0	1.0	2.0	1.0	9.0	0.0	0.0	3.0	1.0	0.0	0.0	0.0	14.0	0.0	0.0	3.0	0.0	1.0	3.0	1.0
k__Bacteria;p__Proteobacteria;c__Gammaproteobacteria;o__Xanthomonadales;f__Sinobacteraceae;g__	0.0	0.0	0.0	0.0	0.0	0.0	5.0	0.0	0.0	0.0	0.0	1.0	0.0	1.0	0.0	0.0	0.0	1.0	0.0	0.0	2.0	0.0	3.0	0.0	2.0	0.0	0.0	0.0	0.0	0.0	0.0	0.0	0.0	0.0	0.0	0.0	1.0	0.0	0.0	1.0	0.0	0.0	1.0	0.0	1.0	0.0	0.0	0.0	0.0	0.0	0.0	0.0	1.0	0.0	0.0
k__Bacteria;p__Proteobacteria;c__Gammaproteobacteria;o__Xanthomonadales;f__Sinobacteraceae;g__Steroidobacter	0.0	0.0	5.0	0.0	0.0	0.0	10.0	0.0	0.0	1.0	0.0	1.0	0.0	0.0	0.0	1.0	0.0	0.0	0.0	0.0	2.0	0.0	2.0	0.0	0.0	0.0	0.0	1.0	0.0	0.0	0.0	0.0	0.0	0.0	0.0	0.0	0.0	0.0	0.0	2.0	0.0	0.0	0.0	0.0	0.0	0.0	0.0	0.0	0.0	0.0	0.0	0.0	0.0	0.0	0.0
k__Bacteria;p__Proteobacteria;c__Gammaproteobacteria;o__Xanthomonadales;f__Xanthomonadaceae;g__	0.0	0.0	2.0	0.0	0.0	1.0	5.0	1.0	0.0	1.0	0.0	3.0	0.0	0.0	0.0	0.0	0.0	0.0	0.0	0.0	1.0	0.0	1.0	0.0	0.0	0.0	0.0	1.0	0.0	0.0	0.0	0.0	0.0	0.0	1.0	0.0	0.0	0.0	0.0	1.0	0.0	1.0	1.0	0.0	0.0	0.0	0.0	0.0	0.0	0.0	0.0	0.0	0.0	0.0	0.0
k__Bacteria;p__Proteobacteria;c__Gammaproteobacteria;o__Xanthomonadales;f__Xanthomonadaceae;g__Stenotrophomonas	0.0	0.0	0.0	0.0	0.0	0.0	0.0	0.0	0.0	0.0	0.0	0.0	0.0	0.0	1.0	0.0	0.0	1.0	0.0	0.0	0.0	0.0	10.0	0.0	0.0	0.0	0.0	0.0	0.0	0.0	0.0	0.0	0.0	1.0	0.0	0.0	0.0	0.0	0.0	3.0	1.0	0.0	0.0	0.0	0.0	0.0	0.0	0.0	0.0	0.0	0.0	0.0	0.0	0.0	0.0
k__Bacteria;p__Spirochaetes;c__Spirochaetes;o__Spirochaetales;f__Spirochaetaceae;g__Treponema	141.0	0.0	0.0	0.0	0.0	656.0	0.0	0.0	0.0	0.0	1.0	0.0	0.0	0.0	1.0	0.0	0.0	0.0	0.0	0.0	0.0	0.0	0.0	21.0	0.0	0.0	0.0	0.0	0.0	0.0	0.0	0.0	0.0	0.0	0.0	0.0	0.0	122.0	0.0	0.0	0.0	0.0	0.0	190.0	0.0	0.0	1.0	1494.0	0.0	0.0	0.0	0.0	0.0	0.0	0.0
k__Bacteria;p__TM7;c__TM7-3;o__CW040;f__F16;g__	1.0	2.0	0.0	1.0	0.0	0.0	0.0	0.0	1.0	0.0	2.0	0.0	0.0	0.0	2.0	0.0	0.0	1.0	0.0	0.0	1.0	0.0	0.0	0.0	0.0	0.0	0.0	1.0	1.0	0.0	0.0	0.0	0.0	0.0	0.0	0.0	1.0	0.0	0.0	0.0	0.0	1.0	0.0	0.0	0.0	0.0	0.0	0.0	0.0	0.0	0.0	0.0	2.0	0.0	1.0
k__Bacteria;p__Tenericutes;c__Mollicutes;o__Anaeroplasmatales;f__Anaeroplasmataceae;g__	0.0	0.0	0.0	0.0	0.0	0.0	0.0	0.0	0.0	0.0	0.0	0.0	0.0	0.0	0.0	0.0	0.0	0.0	0.0	0.0	0.0	0.0	0.0	0.0	0.0	0.0	0.0	0.0	0.0	0.0	0.0	0.0	1.0	0.0	0.0	0.0	0.0	0.0	0.0	0.0	0.0	0.0	0.0	0.0	0.0	0.0	0.0	0.0	0.0	0.0	0.0	0.0	0.0	0.0	0.0
k__Bacteria;p__Tenericutes;c__Mollicutes;o__RF39;f__;g__	1383.0	3278.0	1988.0	1825.0	1083.0	3437.0	985.0	1294.0	2774.0	1061.0	1228.0	1612.0	444.0	1255.0	3669.0	978.0	3854.0	2299.0	544.0	3238.0	3969.0	1894.0	2741.0	1770.0	1334.0	1483.0	472.0	566.0	2212.0	2489.0	1185.0	1663.0	9.0	2032.0	234.0	1404.0	1528.0	267.0	334.0	2013.0	183.0	2503.0	3504.0	494.0	1409.0	1839.0	2267.0	236.0	299.0	1.0	1.0	227.0	1481.0	1146.0	762.0
k__Bacteria;p__Tenericutes;c__RF3;o__ML615J-28;f__;g__	0.0	0.0	0.0	0.0	0.0	0.0	0.0	0.0	0.0	0.0	0.0	0.0	0.0	0.0	0.0	0.0	0.0	0.0	0.0	0.0	0.0	0.0	0.0	0.0	0.0	0.0	0.0	0.0	0.0	0.0	0.0	0.0	0.0	0.0	1.0	0.0	0.0	0.0	0.0	0.0	1.0	0.0	0.0	0.0	0.0	0.0	0.0	0.0	0.0	0.0	0.0	0.0	0.0	0.0	0.0
k__Bacteria;p__Verrucomicrobia;c__Opitutae;o__[Cerasicoccales];f__[Cerasicoccaceae];g__	1.0	6.0	5.0	4.0	18.0	11.0	1.0	0.0	0.0	26.0	0.0	9.0	44.0	0.0	5.0	0.0	6.0	0.0	24.0	9.0	12.0	9.0	1.0	0.0	1.0	12.0	8.0	0.0	1.0	7.0	19.0	0.0	0.0	3.0	0.0	14.0	42.0	3.0	20.0	30.0	0.0	5.0	7.0	16.0	0.0	3.0	22.0	306.0	0.0	4.0	0.0	2.0	1.0	55.0	0.0
k__Bacteria;p__Verrucomicrobia;c__Verrucomicrobiae;o__Verrucomicrobiales;f__Verrucomicrobiaceae;g__Akkermansia	2.0	0.0	2.0	1.0	1.0	0.0	0.0	2.0	1.0	2.0	1.0	1.0	0.0	1.0	1.0	0.0	1.0	0.0	1.0	0.0	1.0	0.0	0.0	0.0	2.0	1.0	2.0	1.0	0.0	0.0	1.0	1.0	404.0	0.0	550.0	1.0	1.0	2.0	1.0	0.0	0.0	2.0	1.0	1.0	1.0	0.0	1.0	1.0	7.0	21.0	0.0	0.0	2.0	1.0	1.0